11
11
1
2
0.1
2
3
0.1
8.88178e-16
-0.099
-0.192
-0.273
-0.336
-0.375
-0.384
-0.357
-0.288
-0.171
2.66454e-15
-0.09
-0.145525
-0.206156
-0.263204
-0.310399
-0.342867
-0.357012
-0.350957
-0.325754
-0.288488
-0.261
-0.16
-0.186942
-0.223895
-0.263259
-0.299527
-0.329055
-0.350224
-0.364063
-0.375571
-0.396197
-0.448
-0.21
-0.218348
-0.239223
-0.26641
-0.295393
-0.323604
-0.350766
-0.379498
-0.416271
-0.472729
-0.567
-0.24
-0.237223
-0.248238
-0.267764
-0.292032
-0.319201
-0.349737
-0.386893
-0.437284
-0.511449
-0.624
-0.25
-0.2423
-0.24874
-0.264373
-0.285771
-0.31143
-0.342089
-0.381054
-0.434523
-0.511783
-0.625
-0.24
-0.233229
-0.240045
-0.255215
-0.275248
-0.29866
-0.326135
-0.36071
-0.40797
-0.476161
-0.576
-0.21
-0.210552
-0.222987
-0.241188
-0.261343
-0.281824
-0.303082
-0.327682
-0.360484
-0.408892
-0.483
-0.16
-0.175965
-0.200147
-0.225196
-0.247107
-0.26421
-0.276683
-0.286449
-0.297392
-0.315924
-0.352
-0.09
-0.133113
-0.176409
-0.212326
-0.237668
-0.25122
-0.252987
-0.244038
-0.226711
-0.205409
-0.189
-0
-0.09
-0.16
-0.21
-0.24
-0.25
-0.24
-0.21
-0.16
-0.09
-0
