101
101
1
2
0.01
2
3
0.01
-2.44921e-16
0.0627905
0.125333
0.187381
0.24869
0.309017
0.368125
0.425779
0.481754
0.535827
0.587785
0.637424
0.684547
0.728969
0.770513
0.809017
0.844328
0.876307
0.904827
0.929776
0.951057
0.968583
0.982287
0.992115
0.998027
1
0.998027
0.992115
0.982287
0.968583
0.951057
0.929776
0.904827
0.876307
0.844328
0.809017
0.770513
0.728969
0.684547
0.637424
0.587785
0.535827
0.481754
0.425779
0.368125
0.309017
0.24869
0.187381
0.125333
0.0627905
-3.18533e-15
-0.0627905
-0.125333
-0.187381
-0.24869
-0.309017
-0.368125
-0.425779
-0.481754
-0.535827
-0.587785
-0.637424
-0.684547
-0.728969
-0.770513
-0.809017
-0.844328
-0.876307
-0.904827
-0.929776
-0.951057
-0.968583
-0.982287
-0.992115
-0.998027
-1
-0.998027
-0.992115
-0.982287
-0.968583
-0.951057
-0.929776
-0.904827
-0.876307
-0.844328
-0.809017
-0.770513
-0.728969
-0.684547
-0.637424
-0.587785
-0.535827
-0.481754
-0.425779
-0.368125
-0.309017
-0.24869
-0.187381
-0.125333
-0.0627905
-4.89843e-16
0.0314108
0.0944226
0.157058
0.219067
0.280203
0.340222
0.398885
0.455958
0.511213
0.564431
0.615398
0.663913
0.709781
0.752819
0.792857
0.829735
0.863305
0.893433
0.920001
0.942901
0.962042
0.977349
0.98876
0.996229
0.999728
0.999241
0.994772
0.986337
0.97397
0.957721
0.937654
0.91385
0.886403
0.855423
0.821033
0.78337
0.742584
0.698839
0.652308
0.603176
0.551641
0.497906
0.442187
0.384705
0.325689
0.265375
0.204004
0.141819
0.0790691
0.0160038
-0.0471253
-0.110067
-0.172569
-0.234384
-0.295264
-0.354968
-0.413256
-0.469898
-0.524666
-0.577343
-0.627718
-0.675592
-0.720772
-0.76308
-0.802345
-0.838413
-0.871139
-0.900392
-0.926056
-0.948029
-0.966223
-0.980565
-0.990999
-0.997483
-0.99999
-0.998512
-0.993053
-0.983636
-0.970299
-0.953093
-0.932089
-0.907369
-0.879032
-0.847192
-0.811974
-0.77352
-0.731983
-0.687528
-0.640332
-0.590584
-0.538483
-0.484234
-0.428056
-0.370171
-0.310811
-0.250213
-0.188617
-0.126269
-0.0634178
-0.000314183
0.0627905
0.0627905
0.125959
0.188621
0.250524
0.311417
0.371057
0.429203
0.485621
0.540084
0.592372
0.642276
0.689593
0.734135
0.775721
0.814183
0.849368
0.881134
0.909352
0.933909
0.954706
0.97166
0.984701
0.993779
0.998856
0.999911
0.99694
0.989957
0.978987
0.964077
0.945285
0.922687
0.896375
0.866454
0.833044
0.796281
0.756313
0.713299
0.667414
0.618841
0.567778
0.514428
0.459007
0.401739
0.342853
0.282587
0.221183
0.158888
0.0959543
0.0326338
-0.0308181
-0.0941459
-0.157095
-0.219411
-0.280844
-0.341147
-0.400076
-0.457395
-0.512872
-0.566285
-0.617417
-0.666065
-0.71203
-0.75513
-0.795189
-0.832047
-0.865555
-0.895579
-0.921997
-0.944704
-0.963607
-0.978632
-0.989716
-0.996816
-0.999903
-0.998964
-0.994004
-0.985043
-0.972115
-0.955274
-0.934588
-0.910139
-0.882026
-0.850362
-0.815275
-0.776906
-0.735409
-0.690952
-0.643713
-0.593883
-0.541662
-0.48726
-0.430898
-0.3728
-0.313202
-0.252343
-0.190469
-0.127828
-0.0646722
-0.00125673
0.0621635
0.125333
0.0941083
0.15737
0.219991
0.281717
0.342298
0.401488
0.459044
0.514735
0.568332
0.619618
0.668385
0.714435
0.757579
0.797643
0.834464
0.867893
0.897792
0.924041
0.946533
0.965176
0.979895
0.99063
0.997337
0.999989
0.998575
0.993101
0.983589
0.970078
0.952623
0.931294
0.906179
0.87738
0.845013
0.809211
0.770118
0.727894
0.68271
0.634751
0.584211
0.531295
0.47622
0.419208
0.360491
0.300309
0.238906
0.176531
0.113438
0.0498845
-0.0138722
-0.0775726
-0.140958
-0.20377
-0.265753
-0.326656
-0.386231
-0.444236
-0.500435
-0.554599
-0.606508
-0.655951
-0.702728
-0.746647
-0.78753
-0.825212
-0.859539
-0.890371
-0.917583
-0.941064
-0.96072
-0.976469
-0.988248
-0.996009
-0.999721
-0.999368
-0.994952
-0.986491
-0.974019
-0.957587
-0.937262
-0.913126
-0.885278
-0.85383
-0.818911
-0.780663
-0.739241
-0.694813
-0.647561
-0.597676
-0.545361
-0.490829
-0.434302
-0.376009
-0.316187
-0.255081
-0.192937
-0.13001
-0.0665537
-0.00282766
0.0609095
0.124399
0.187381
0.125333
0.188621
0.251134
0.312616
0.372814
0.431481
0.488376
0.543266
0.595925
0.646137
0.693696
0.738407
0.780085
0.81856
0.853674
0.885283
0.913257
0.93748
0.957855
0.974296
0.986737
0.995126
0.999429
0.999628
0.995723
0.987729
0.97568
0.959624
0.939628
0.915774
0.888159
0.856898
0.822118
0.783963
0.742589
0.698165
0.650875
0.600912
0.548482
0.493799
0.437089
0.378585
0.318525
0.257158
0.194735
0.131512
0.0677491
0.00370798
-0.0603485
-0.124157
-0.187456
-0.249986
-0.311489
-0.371713
-0.430411
-0.487342
-0.542272
-0.594976
-0.645236
-0.692848
-0.737614
-0.779353
-0.817891
-0.853071
-0.884749
-0.912794
-0.937091
-0.95754
-0.974058
-0.986577
-0.995045
-0.999428
-0.999707
-0.995881
-0.987966
-0.975995
-0.960017
-0.940097
-0.916318
-0.888776
-0.857585
-0.822873
-0.784782
-0.74347
-0.699105
-0.65187
-0.601958
-0.549575
-0.494936
-0.438265
-0.379795
-0.319765
-0.258423
-0.196021
-0.132814
-0.0690619
-0.00502694
0.0590282
0.12284
0.186148
0.24869
0.156434
0.219683
0.28202
0.343187
0.402931
0.461005
0.517167
0.571184
0.622832
0.671898
0.718178
0.76148
0.801624
0.838445
0.871788
0.901517
0.927508
0.949653
0.96786
0.982053
0.992175
0.998183
1.00005
0.997774
0.991359
0.980833
0.96624
0.947641
0.925113
0.898748
0.868657
0.834964
0.797809
0.757346
0.713742
0.66718
0.61785
0.565959
0.511721
0.455361
0.397113
0.337218
0.275925
0.213488
0.150165
0.08622
0.0219171
-0.0424767
-0.106695
-0.17047
-0.233539
-0.29564
-0.356514
-0.415911
-0.473584
-0.529292
-0.582807
-0.633905
-0.682375
-0.728015
-0.770637
-0.810064
-0.846132
-0.878692
-0.907609
-0.932763
-0.954049
-0.97138
-0.984683
-0.993903
-0.999003
-0.999961
-0.996772
-0.989451
-0.978027
-0.962549
-0.943079
-0.9197
-0.892507
-0.861614
-0.827149
-0.789254
-0.748087
-0.703818
-0.656632
-0.606723
-0.554299
-0.499577
-0.442784
-0.384155
-0.323934
-0.26237
-0.199719
-0.13624
-0.0721966
-0.00785458
0.0565194
0.120658
0.184296
0.247169
0.309017
0.187381
0.250523
0.312615
0.373399
0.432619
0.490027
0.545383
0.598455
0.649022
0.696871
0.741802
0.783627
0.822171
0.857272
0.888784
0.916574
0.940526
0.960541
0.976534
0.988437
0.996203
0.999797
0.999204
0.994429
0.985489
0.972423
0.955286
0.934149
0.9091
0.880245
0.847705
0.811615
0.772127
0.729406
0.683631
0.634993
0.583697
0.529957
0.473997
0.416053
0.356367
0.295189
0.232775
0.169386
0.105288
0.0407486
-0.0239614
-0.0885712
-0.15281
-0.21641
-0.279103
-0.340628
-0.400727
-0.459148
-0.515647
-0.569988
-0.621942
-0.671292
-0.717831
-0.761366
-0.801712
-0.838703
-0.872181
-0.902009
-0.92806
-0.950225
-0.968412
-0.982545
-0.992564
-0.998427
-1.00011
-0.997607
-0.990926
-0.980097
-0.965165
-0.946192
-0.923257
-0.896458
-0.865905
-0.831727
-0.794066
-0.753082
-0.708945
-0.66184
-0.611964
-0.559526
-0.504746
-0.447853
-0.389086
-0.32869
-0.266918
-0.204029
-0.140286
-0.0759572
-0.0113105
0.0533828
0.117852
0.181827
0.24504
0.307226
0.368125
0.218143
0.281111
0.34289
0.403219
0.461844
0.518515
0.572994
0.62505
0.674464
0.721026
0.764539
0.80482
0.841698
0.875018
0.904638
0.930434
0.952295
0.970131
0.983865
0.993439
0.998813
0.999965
0.996889
0.989598
0.978123
0.962513
0.942834
0.919168
0.891617
0.860296
0.825338
0.78689
0.745116
0.700191
0.652306
0.601664
0.548477
0.492972
0.435382
0.375952
0.314932
0.252581
0.189161
0.124942
0.0601944
-0.00480785
-0.0697899
-0.134477
-0.198596
-0.261875
-0.324048
-0.38485
-0.444026
-0.501325
-0.556504
-0.609331
-0.659582
-0.707045
-0.751519
-0.792816
-0.830762
-0.865195
-0.895971
-0.922959
-0.946046
-0.965133
-0.980141
-0.991005
-0.997679
-1.00014
-0.998365
-0.992373
-0.982187
-0.967848
-0.949418
-0.926974
-0.900612
-0.870443
-0.836594
-0.799208
-0.758444
-0.714474
-0.667484
-0.617673
-0.56525
-0.510438
-0.453469
-0.394583
-0.33403
-0.272065
-0.20895
-0.144953
-0.0803432
-0.0153947
0.0496182
0.114421
0.178738
0.2423
0.304836
0.366082
0.425779
0.24869
0.311416
0.372813
0.432618
0.490575
0.546439
0.59997
0.650939
0.699129
0.744335
0.786363
0.825034
0.860184
0.891661
0.919332
0.943078
0.962799
0.978409
0.989843
0.997051
1
0.998687
0.993107
0.983288
0.969272
0.951118
0.928903
0.902724
0.872691
0.838933
0.801593
0.760832
0.716823
0.669754
0.619825
0.567251
0.512256
0.455073
0.395948
0.335133
0.272887
0.209476
0.14517
0.0802452
0.0149773
-0.0503547
-0.115472
-0.180096
-0.243952
-0.306767
-0.368273
-0.428207
-0.486313
-0.542343
-0.596059
-0.64723
-0.695639
-0.741079
-0.783355
-0.822289
-0.857712
-0.889474
-0.91744
-0.94149
-0.961521
-0.977448
-0.989203
-0.996736
-1.00001
-0.999025
-0.993771
-0.984275
-0.970579
-0.952739
-0.930833
-0.904954
-0.875212
-0.841735
-0.804666
-0.764161
-0.720396
-0.673556
-0.623841
-0.571463
-0.516647
-0.459626
-0.400643
-0.339951
-0.277808
-0.21448
-0.150237
-0.0853539
-0.0201069
0.0452252
0.110363
0.17503
0.238948
0.301845
0.363453
0.423508
0.481754
0.278991
0.341408
0.402352
0.461563
0.518783
0.573768
0.626279
0.676091
0.722989
0.766771
0.807247
0.844245
0.877603
0.90718
0.932846
0.954491
0.972023
0.985365
0.99446
0.99927
0.999772
0.995966
0.987867
0.97551
0.958949
0.938255
0.913517
0.884842
0.852353
0.816191
0.776511
0.733484
0.687296
0.638146
0.586245
0.531818
0.475098
0.416331
0.355769
0.293674
0.230313
0.165959
0.10089
0.0353859
-0.0302709
-0.0957976
-0.160912
-0.225332
-0.288782
-0.350987
-0.41168
-0.470599
-0.52749
-0.582108
-0.634218
-0.683594
-0.730025
-0.773309
-0.813261
-0.849709
-0.882495
-0.911477
-0.936532
-0.957551
-0.974443
-0.987136
-0.995575
-0.999724
-0.999564
-0.995097
-0.986342
-0.973336
-0.956136
-0.934815
-0.909466
-0.880198
-0.847137
-0.810425
-0.770221
-0.726698
-0.680043
-0.630458
-0.578157
-0.523364
-0.466316
-0.40726
-0.346448
-0.284144
-0.220616
-0.156138
-0.0909884
-0.0254469
0.0402034
0.10568
0.170699
0.234983
0.298252
0.360235
0.420664
0.479279
0.535827
0.309017
0.371055
0.431479
0.490025
0.546438
0.600473
0.651895
0.70048
0.746017
0.788307
0.827167
0.862428
0.893936
0.921554
0.945162
0.964658
0.979955
0.990989
0.997711
1.00009
0.998119
0.991804
0.981174
0.966274
0.94717
0.923944
0.896698
0.86555
0.830636
0.792108
0.750132
0.704893
0.656587
0.605423
0.551625
0.495427
0.437073
0.376817
0.314921
0.251655
0.187293
0.122117
0.0564085
-0.00954527
-0.0754577
-0.141042
-0.206013
-0.270088
-0.332988
-0.394439
-0.454174
-0.511933
-0.567466
-0.620529
-0.670893
-0.718338
-0.762657
-0.803659
-0.841164
-0.875009
-0.905048
-0.931148
-0.953198
-0.971101
-0.984778
-0.994171
-0.999239
-0.999959
-0.996329
-0.988364
-0.976099
-0.959587
-0.938901
-0.914129
-0.885381
-0.852781
-0.81647
-0.776608
-0.733366
-0.686935
-0.637515
-0.585322
-0.530582
-0.473534
-0.414427
-0.353517
-0.291069
-0.227356
-0.162654
-0.0972455
-0.0314144
0.0345526
0.100368
0.165746
0.230402
0.294054
0.356426
0.417246
0.476248
0.533177
0.587785
0.338738
0.40033
0.460162
0.517973
0.573508
0.626524
0.676787
0.724076
0.768185
0.808919
0.846099
0.879563
0.909162
0.934767
0.956266
0.973565
0.986586
0.995274
0.999589
0.999513
0.995047
0.986209
0.973039
0.955595
0.933953
0.908208
0.878474
0.84488
0.807575
0.766723
0.722502
0.675108
0.624748
0.571643
0.516027
0.458144
0.398249
0.336604
0.27348
0.209155
0.14391
0.0780337
0.0118141
-0.0544577
-0.120491
-0.185994
-0.250681
-0.314268
-0.376474
-0.437026
-0.49566
-0.552116
-0.606147
-0.657516
-0.705997
-0.751378
-0.793458
-0.832053
-0.866993
-0.898126
-0.925314
-0.948437
-0.967395
-0.982104
-0.992499
-0.998535
-1.00018
-0.997442
-0.990318
-0.978844
-0.963072
-0.943069
-0.918924
-0.890743
-0.85865
-0.822785
-0.783307
-0.740388
-0.694218
-0.644999
-0.592947
-0.538292
-0.481272
-0.422139
-0.361152
-0.298579
-0.234696
-0.169782
-0.104124
-0.0380088
0.0282724
0.0944285
0.160169
0.225205
0.28925
0.352023
0.41325
0.472659
0.529991
0.584993
0.637424
0.368125
0.429201
0.488373
0.545379
0.599967
0.651893
0.700928
0.746855
0.789469
0.828582
0.86402
0.895627
0.923262
0.946802
0.966143
0.9812
0.991906
0.998213
1.00009
0.997538
0.99056
0.979188
0.963474
0.943488
0.919318
0.891071
0.858872
0.822864
0.783208
0.740078
0.693666
0.644178
0.591833
0.536864
0.479514
0.420037
0.358697
0.295767
0.231524
0.166255
0.100249
0.0337971
-0.0328045
-0.0992609
-0.165277
-0.230561
-0.294823
-0.357778
-0.419146
-0.478657
-0.536045
-0.591056
-0.643447
-0.692984
-0.73945
-0.782636
-0.822353
-0.858423
-0.890687
-0.919002
-0.943242
-0.9633
-0.979086
-0.990532
-0.997585
-1.00022
-0.99841
-0.992179
-0.981548
-0.966565
-0.947297
-0.923828
-0.896263
-0.864725
-0.829352
-0.790302
-0.747748
-0.701879
-0.652899
-0.601023
-0.546483
-0.48952
-0.430388
-0.369347
-0.306669
-0.242632
-0.17752
-0.111622
-0.0452294
0.0213628
0.0878594
0.153965
0.219388
0.283836
0.347024
0.408672
0.468507
0.526263
0.581683
0.634523
0.684547
0.397148
0.45764
0.516082
0.572214
0.625784
0.676553
0.724292
0.768789
0.809844
0.847273
0.880909
0.910602
0.936218
0.957643
0.974781
0.987555
0.995908
0.999803
0.999222
0.994168
0.984664
0.970752
0.952494
0.929972
0.903287
0.872558
0.837924
0.799538
0.757573
0.712217
0.663672
0.612157
0.557901
0.501147
0.44215
0.381173
0.31849
0.254381
0.189133
0.123038
0.0563922
-0.0105064
-0.0773583
-0.143864
-0.209726
-0.27465
-0.338345
-0.400525
-0.460913
-0.519238
-0.57524
-0.628666
-0.679279
-0.726852
-0.771171
-0.812039
-0.849273
-0.882705
-0.912186
-0.937585
-0.958787
-0.975698
-0.988241
-0.996362
-1.00002
-0.999208
-0.99392
-0.984184
-0.970044
-0.951561
-0.928819
-0.901921
-0.870985
-0.836152
-0.797575
-0.75543
-0.709903
-0.661199
-0.609536
-0.555146
-0.49827
-0.439166
-0.378096
-0.315334
-0.251161
-0.185865
-0.119738
-0.0530753
0.0138238
0.08066
0.147134
0.212949
0.277809
0.341424
0.40351
0.463789
0.521989
0.577852
0.631126
0.681574
0.728969
0.425779
0.485618
0.543262
0.59845
0.650934
0.700476
0.746853
0.789854
0.829286
0.86497
0.896746
0.924469
0.948015
0.967277
0.982167
0.99262
0.998587
1.00004
0.996978
0.989409
0.977368
0.960912
0.940113
0.915066
0.885885
0.8527
0.815662
0.774938
0.730713
0.683185
0.632571
0.579098
0.523008
0.464554
0.404002
0.341623
0.277701
0.212523
0.146385
0.0795858
0.0124262
-0.0547899
-0.121759
-0.188178
-0.253747
-0.31817
-0.381155
-0.442419
-0.501684
-0.558683
-0.613158
-0.664862
-0.713563
-0.75904
-0.801088
-0.839517
-0.874153
-0.904839
-0.931438
-0.953828
-0.971909
-0.985599
-0.994836
-0.999579
-0.999806
-0.995515
-0.986727
-0.973481
-0.955837
-0.933874
-0.907693
-0.87741
-0.843164
-0.805108
-0.763415
-0.718274
-0.669887
-0.618474
-0.564268
-0.507512
-0.448464
-0.38739
-0.324567
-0.260277
-0.194813
-0.128469
-0.0615454
0.0056554
0.0728297
0.139674
0.205886
0.271167
0.335221
0.397759
0.458499
0.517165
0.573493
0.627229
0.678128
0.725962
0.770513
0.45399
0.513107
0.569883
0.624059
0.675389
0.723637
0.768585
0.810026
0.847773
0.881653
0.911511
0.937212
0.958638
0.975691
0.988294
0.996389
0.99994
0.998929
0.993363
0.983265
0.968683
0.949683
0.926351
0.898794
0.867137
0.831526
0.792121
0.749104
0.70267
0.653031
0.600413
0.545057
0.487215
0.42715
0.365137
0.301458
0.236404
0.170272
0.103362
0.0359811
-0.0315645
-0.0989664
-0.165917
-0.232112
-0.297248
-0.361029
-0.423164
-0.48337
-0.541371
-0.596904
-0.649714
-0.699562
-0.74622
-0.789475
-0.82913
-0.865004
-0.896934
-0.924773
-0.948395
-0.967692
-0.982576
-0.99298
-0.998855
-1.00018
-0.996934
-0.989147
-0.97685
-0.960097
-0.938967
-0.913555
-0.883976
-0.850367
-0.81288
-0.771686
-0.726973
-0.678946
-0.627822
-0.573836
-0.517234
-0.458273
-0.397222
-0.334361
-0.269976
-0.20436
-0.137813
-0.070638
-0.00314193
0.0643675
0.131582
0.198196
0.263905
0.328409
0.391414
0.452632
0.511785
0.568602
0.622824
0.674204
0.722507
0.767513
0.809017
0.481754
0.54008
0.595919
0.649015
0.699122
0.746011
0.789464
0.829283
0.865284
0.897302
0.925188
0.948815
0.968073
0.982875
0.993152
0.998857
0.999964
0.996467
0.988382
0.975748
0.958621
0.937081
0.911228
0.881179
0.847074
0.809069
0.767339
0.722077
0.673491
0.621804
0.567254
0.510093
0.450583
0.388999
0.325624
0.26075
0.194675
0.127704
0.060144
-0.00769286
-0.0754947
-0.142949
-0.209746
-0.275578
-0.340142
-0.403141
-0.464284
-0.52329
-0.579888
-0.633817
-0.684829
-0.732689
-0.777176
-0.818087
-0.855232
-0.888441
-0.91756
-0.942457
-0.963015
-0.979141
-0.990761
-0.99782
-1.00029
-0.998149
-0.991417
-0.980122
-0.964316
-0.944071
-0.919481
-0.890659
-0.857738
-0.820869
-0.780222
-0.735984
-0.688359
-0.637565
-0.583838
-0.527423
-0.468582
-0.407584
-0.34471
-0.28025
-0.214502
-0.147766
-0.0803514
-0.0125676
0.0552732
0.122859
0.189877
0.256021
0.320985
0.38447
0.446184
0.505843
0.563171
0.617906
0.669795
0.718598
0.764092
0.806066
0.844328
0.509041
0.566509
0.621344
0.673291
0.72211
0.767572
0.809469
0.847603
0.881799
0.911898
0.937759
0.959263
0.97631
0.988821
0.996737
1.00002
0.998659
0.992657
0.982043
0.966866
0.947196
0.923125
0.894765
0.862248
0.825724
0.785364
0.741354
0.6939
0.643222
0.589554
0.533148
0.474264
0.413177
0.350169
0.285534
0.219572
0.15259
0.0848986
0.0168122
-0.0513527
-0.119279
-0.186652
-0.253159
-0.318489
-0.38234
-0.444416
-0.504427
-0.562095
-0.617152
-0.669342
-0.718423
-0.764166
-0.80636
-0.844808
-0.879332
-0.909771
-0.935983
-0.957848
-0.975263
-0.988148
-0.996442
-1.00011
-0.999126
-0.993505
-0.983267
-0.968463
-0.949159
-0.925446
-0.897434
-0.865254
-0.829053
-0.789002
-0.745286
-0.698108
-0.647687
-0.594257
-0.538068
-0.479379
-0.418464
-0.355605
-0.291095
-0.225233
-0.158325
-0.0906832
-0.0226205
0.0455463
0.113501
0.180926
0.247511
0.312944
0.376922
0.439148
0.499332
0.557194
0.612467
0.664892
0.714227
0.760241
0.802721
0.84147
0.876307
0.535827
0.592368
0.64613
0.696862
0.744326
0.788299
0.828575
0.864965
0.897299
0.925425
0.949211
0.968546
0.983338
0.99352
0.999042
0.99988
0.996028
0.987506
0.974354
0.956632
0.934424
0.907834
0.876988
0.842028
0.803121
0.760447
0.714207
0.664618
0.611912
0.556336
0.498152
0.437631
0.375058
0.310727
0.244937
0.177999
0.110226
0.0419356
-0.0265519
-0.0949153
-0.162834
-0.22999
-0.296068
-0.360758
-0.423757
-0.484769
-0.543509
-0.599701
-0.653082
-0.703401
-0.750422
-0.793925
-0.833706
-0.869579
-0.901374
-0.928944
-0.952159
-0.970909
-0.985108
-0.994689
-0.999606
-0.999836
-0.995379
-0.986255
-0.972508
-0.954201
-0.931421
-0.904274
-0.872887
-0.837408
-0.798004
-0.754858
-0.708173
-0.658169
-0.605079
-0.549153
-0.490652
-0.429852
-0.367036
-0.302501
-0.236548
-0.169486
-0.101631
-0.0332996
0.0351868
0.103507
0.171341
0.238371
0.304282
0.368765
0.431517
0.492245
0.550664
0.606499
0.659489
0.709384
0.755952
0.798973
0.838246
0.873586
0.904827
0.562083
0.61763
0.670253
0.719704
0.765748
0.808168
0.846762
0.88135
0.911765
0.937866
0.959528
0.97665
0.989149
0.996966
1.00007
0.998433
0.992074
0.981021
0.965325
0.94506
0.920324
0.891231
0.857921
0.820551
0.779298
0.734356
0.68594
0.634277
0.579612
0.522204
0.462324
0.400257
0.336295
0.270741
0.203906
0.136105
0.06766
-0.00110573
-0.0698667
-0.138297
-0.206074
-0.272877
-0.338388
-0.402299
-0.464306
-0.524117
-0.581449
-0.636029
-0.6876
-0.735919
-0.780755
-0.821897
-0.859151
-0.89234
-0.921307
-0.945915
-0.966047
-0.981609
-0.992526
-0.998748
-1.00024
-0.997007
-0.989053
-0.97642
-0.959167
-0.937375
-0.911149
-0.880612
-0.845908
-0.807202
-0.764677
-0.718535
-0.668993
-0.616285
-0.560663
-0.502388
-0.441736
-0.378995
-0.314461
-0.248439
-0.181243
-0.113191
-0.0446028
0.024195
0.0928775
0.161119
0.228598
0.294994
0.359993
0.423287
0.484577
0.543572
0.599994
0.653575
0.704062
0.751215
0.794812
0.834646
0.870528
0.902288
0.929776
0.587785
0.64227
0.693688
0.741791
0.786352
0.827157
0.864011
0.896738
0.925182
0.949208
0.9687
0.983566
0.993734
0.999156
0.999807
0.995682
0.986802
0.97321
0.954969
0.932168
0.904915
0.87334
0.837594
0.797848
0.754292
0.707133
0.656597
0.602926
0.546374
0.487213
0.425725
0.362204
0.296952
0.230282
0.162512
0.0939657
0.0249699
-0.0441456
-0.113051
-0.181417
-0.248917
-0.315228
-0.380036
-0.443028
-0.503906
-0.562378
-0.618165
-0.671001
-0.720633
-0.766824
-0.809355
-0.848021
-0.882638
-0.91304
-0.939084
-0.960643
-0.977616
-0.989921
-0.997499
-1.00032
-0.998355
-0.991628
-0.980166
-0.964024
-0.943279
-0.918031
-0.888399
-0.854526
-0.816573
-0.774721
-0.72917
-0.680137
-0.627858
-0.572581
-0.514571
-0.454103
-0.391469
-0.326965
-0.260901
-0.193592
-0.125359
-0.0565281
0.0125717
0.0816106
0.150259
0.218189
0.285075
0.3506
0.414449
0.476318
0.53591
0.592943
0.647142
0.69825
0.746021
0.790228
0.83066
0.867123
0.899443
0.927466
0.951057
0.612907
0.666264
0.71641
0.763103
0.806117
0.845246
0.880301
0.911113
0.937534
0.959436
0.976715
0.989286
0.997089
1.00009
0.998265
0.991631
0.980219
0.964083
0.943301
0.917972
0.88822
0.854186
0.816036
0.773954
0.728141
0.678819
0.626226
0.570614
0.512252
0.451422
0.388415
0.323537
0.257098
0.189421
0.12083
0.0516566
-0.0177664
-0.0871043
-0.156023
-0.22419
-0.291278
-0.356962
-0.420927
-0.482864
-0.542475
-0.599473
-0.653582
-0.704542
-0.752108
-0.796051
-0.836158
-0.872236
-0.904112
-0.931631
-0.954662
-0.973094
-0.986837
-0.995825
-1.00002
-0.999387
-0.993944
-0.983712
-0.96874
-0.9491
-0.924888
-0.89622
-0.863233
-0.826088
-0.784962
-0.740055
-0.691582
-0.639777
-0.58489
-0.527185
-0.46694
-0.404446
-0.340004
-0.273924
-0.206525
-0.138131
-0.0690726
0.000317903
0.069706
0.138757
0.207139
0.274522
0.34058
0.404997
0.46746
0.52767
0.585336
0.64018
0.691937
0.740359
0.785211
0.826277
0.86336
0.89628
0.924879
0.949019
0.968583
0.637424
0.689587
0.738397
0.783615
0.825021
0.862415
0.895615
0.924458
0.948806
0.968539
0.983563
0.993802
0.999209
0.999756
0.995442
0.986286
0.972334
0.953654
0.930336
0.902493
0.870262
0.833798
0.793279
0.748903
0.700885
0.649458
0.594872
0.537394
0.477302
0.414888
0.350457
0.284321
0.216802
0.148228
0.0789332
0.00925393
-0.0604709
-0.129902
-0.198703
-0.266537
-0.333076
-0.397997
-0.460982
-0.521727
-0.579935
-0.635324
-0.687624
-0.736582
-0.781958
-0.823533
-0.861104
-0.894489
-0.923525
-0.948071
-0.968007
-0.983238
-0.993688
-0.999306
-1.00007
-0.995965
-0.987021
-0.973279
-0.954804
-0.931688
-0.904042
-0.872001
-0.83572
-0.795376
-0.751165
-0.703303
-0.652021
-0.59757
-0.540214
-0.480231
-0.417914
-0.353566
-0.287499
-0.220035
-0.151502
-0.0822328
-0.0125646
0.0571638
0.126613
0.195446
0.263328
0.329929
0.394924
0.457997
0.518843
0.577164
0.632677
0.685113
0.734216
0.779747
0.821485
0.859226
0.892788
0.922006
0.946738
0.966865
0.982287
0.661312
0.712216
0.759625
0.803306
0.843045
0.878646
0.909935
0.936759
0.958986
0.976507
0.989236
0.99711
1.00009
0.998166
0.991342
0.979653
0.963158
0.941936
0.916092
0.885752
0.851066
0.812204
0.769356
0.722734
0.672564
0.619094
0.562586
0.503317
0.441579
0.377673
0.311913
0.244623
0.176132
0.106776
0.0368959
-0.033166
-0.103066
-0.17246
-0.241009
-0.308376
-0.374231
-0.43825
-0.50012
-0.559536
-0.616208
-0.669857
-0.720221
-0.767051
-0.810118
-0.849212
-0.884139
-0.914729
-0.940832
-0.96232
-0.979087
-0.99105
-0.998152
-1.00036
-0.997655
-0.990059
-0.977606
-0.960356
-0.938396
-0.911833
-0.880796
-0.845438
-0.805933
-0.762475
-0.715276
-0.664568
-0.610601
-0.553638
-0.493959
-0.431858
-0.367639
-0.301616
-0.234115
-0.165465
-0.0960046
-0.0260737
0.0439844
0.113826
0.183108
0.251491
0.318639
0.384222
0.447919
0.509418
0.568416
0.624624
0.677766
0.727581
0.773825
0.81627
0.854709
0.888952
0.918832
0.944201
0.964935
0.980933
0.992115
0.684547
0.734128
0.780074
0.822157
0.860168
0.89392
0.923246
0.948001
0.968062
0.983329
0.993727
0.999206
0.999737
0.995318
0.98597
0.971742
0.952702
0.928945
0.900588
0.867773
0.830661
0.789436
0.744303
0.695484
0.643222
0.587775
0.529418
0.468439
0.405141
0.339836
0.272849
0.20451
0.135158
0.065137
-0.00520749
-0.0755268
-0.145473
-0.214699
-0.282864
-0.349628
-0.414663
-0.477645
-0.538263
-0.596218
-0.651221
-0.703001
-0.751302
-0.795884
-0.836527
-0.87303
-0.905211
-0.932912
-0.955995
-0.974346
-0.987874
-0.996513
-1.00022
-0.998975
-0.992785
-0.981682
-0.96572
-0.944977
-0.919557
-0.889586
-0.855211
-0.816604
-0.773954
-0.727474
-0.677393
-0.62396
-0.567438
-0.508108
-0.446263
-0.382209
-0.316264
-0.248755
-0.180014
-0.110383
-0.0402062
0.0301687
0.100394
0.170121
0.239005
0.306705
0.372885
0.437219
0.499387
0.559082
0.616008
0.669883
0.720441
0.76743
0.810619
0.849794
0.884759
0.915343
0.941393
0.962781
0.9794
0.991168
0.998027
0.707107
0.755301
0.799721
0.840146
0.876373
0.908222
0.935534
0.958172
0.976023
0.988998
0.997032
1.00009
0.998143
0.991214
0.979334
0.962561
0.94098
0.914698
0.883847
0.84858
0.809075
0.765527
0.718156
0.667196
0.612904
0.55555
0.49542
0.432815
0.368048
0.301441
0.233329
0.16405
0.093952
0.0233836
-0.0473022
-0.117752
-0.187615
-0.256541
-0.324187
-0.390214
-0.454293
-0.516103
-0.575336
-0.631696
-0.684902
-0.734687
-0.780804
-0.823021
-0.861129
-0.894936
-0.924273
-0.948995
-0.968978
-0.984122
-0.994351
-0.999614
-0.999885
-0.995162
-0.98547
-0.970856
-0.951394
-0.927181
-0.898337
-0.865007
-0.827357
-0.785575
-0.739871
-0.690471
-0.637624
-0.581592
-0.522656
-0.461111
-0.397262
-0.331431
-0.263944
-0.19514
-0.125362
-0.0549587
0.0157186
0.0863166
0.156483
0.225866
0.294121
0.360906
0.425887
0.48874
0.549151
0.606818
0.661452
0.712782
0.76055
0.804518
0.844466
0.880195
0.911525
0.9383
0.960387
0.977675
0.990077
0.997531
1
0.728969
0.775713
0.818548
0.857256
0.891643
0.921536
0.946784
0.96726
0.98286
0.993507
0.999146
0.999749
0.995314
0.985862
0.971441
0.952124
0.928009
0.899216
0.865891
0.828202
0.786338
0.740512
0.690953
0.637912
0.581655
0.522467
0.460645
0.396501
0.330359
0.262551
0.193419
0.123312
0.0525834
-0.0184113
-0.0893137
-0.159767
-0.229416
-0.297909
-0.364902
-0.430056
-0.493044
-0.553549
-0.611264
-0.6659
-0.717181
-0.764849
-0.808663
-0.848403
-0.883869
-0.914881
-0.941284
-0.962944
-0.979752
-0.991624
-0.9985
-1.00034
-0.997149
-0.988929
-0.975727
-0.957608
-0.934665
-0.907012
-0.87479
-0.838159
-0.797306
-0.752436
-0.703775
-0.651568
-0.596078
-0.537585
-0.476384
-0.412782
-0.347102
-0.279673
-0.210835
-0.140935
-0.0703264
0.000636287
0.0715951
0.142192
0.212072
0.280883
0.348277
0.413915
0.477467
0.538611
0.597041
0.65246
0.704591
0.753169
0.797951
0.838711
0.875242
0.907361
0.934906
0.957738
0.975741
0.988825
0.996924
0.999996
0.998027
0.750111
0.795345
0.836534
0.873468
0.905961
0.933847
0.956984
0.975255
0.988566
0.996851
1.00007
0.998197
0.991252
0.979267
0.962302
0.940444
0.913804
0.882518
0.846744
0.806665
0.762484
0.714426
0.662735
0.607674
0.549523
0.488578
0.425148
0.359556
0.292135
0.223228
0.153186
0.0823647
0.0111237
-0.0601746
-0.131168
-0.201494
-0.270798
-0.338725
-0.404931
-0.469079
-0.530843
-0.589909
-0.645977
-0.698761
-0.747994
-0.793424
-0.834822
-0.871977
-0.904699
-0.932822
-0.956204
-0.974726
-0.988292
-0.996836
-1.00031
-0.998703
-0.992018
-0.98029
-0.96358
-0.941971
-0.915574
-0.884523
-0.848976
-0.809114
-0.765139
-0.717275
-0.665765
-0.61087
-0.552871
-0.492062
-0.428752
-0.363263
-0.295927
-0.227088
-0.157095
-0.0863041
-0.015075
0.0562301
0.127249
0.197619
0.266985
0.334992
0.401295
0.465558
0.527452
0.586665
0.642893
0.695852
0.745273
0.790903
0.832511
0.869885
0.902835
0.931193
0.954816
0.973582
0.987397
0.996189
0.999915
0.998555
0.992115
0.770513
0.814175
0.853661
0.888766
0.919312
0.945142
0.966123
0.982148
0.993134
0.999026
0.999793
0.995431
0.985963
0.971437
0.951928
0.927536
0.898386
0.864628
0.826434
0.784001
0.737546
0.687307
0.633543
0.576529
0.516557
0.453935
0.388984
0.322037
0.253438
0.183539
0.112697
0.041277
-0.0303557
-0.101833
-0.17279
-0.24286
-0.311686
-0.378914
-0.4442
-0.507208
-0.567615
-0.625112
-0.679404
-0.730212
-0.777276
-0.820354
-0.859225
-0.893691
-0.923573
-0.94872
-0.969002
-0.984315
-0.99458
-0.999745
-0.999783
-0.994694
-0.984505
-0.969267
-0.949059
-0.923984
-0.89417
-0.859772
-0.820964
-0.777947
-0.730941
-0.680186
-0.625944
-0.568491
-0.508124
-0.445152
-0.379897
-0.312694
-0.243888
-0.173832
-0.102885
-0.0314111
0.0402233
0.111651
0.182505
0.252422
0.321044
0.388019
0.453003
0.515663
0.575677
0.632737
0.686552
0.736844
0.783356
0.825849
0.864105
0.897928
0.927144
0.951603
0.97118
0.985774
0.99531
0.999739
0.999039
0.993211
0.982287
0.790155
0.832187
0.869911
0.903133
0.931681
0.955408
0.97419
0.98793
0.996558
1.00003
0.998325
0.991454
0.979453
0.962383
0.940333
0.913417
0.881775
0.845569
0.804987
0.76024
0.711559
0.659195
0.60342
0.544522
0.482806
0.418591
0.35221
0.284006
0.214331
0.143547
0.0720197
0.000118851
-0.0717834
-0.143315
-0.214106
-0.28379
-0.352006
-0.418402
-0.482634
-0.54437
-0.60329
-0.65909
-0.71148
-0.76019
-0.804968
-0.845582
-0.881821
-0.913499
-0.940452
-0.96254
-0.979648
-0.991689
-0.9986
-1.00034
-0.996915
-0.988327
-0.974628
-0.955886
-0.9322
-0.903691
-0.870508
-0.832821
-0.790826
-0.74474
-0.694802
-0.64127
-0.58442
-0.524548
-0.461962
-0.396986
-0.329958
-0.261222
-0.191136
-0.120062
-0.0483671
0.0235775
0.0953994
0.166727
0.237192
0.306428
0.374079
0.439793
0.503231
0.564064
0.621979
0.676674
0.727868
0.775294
0.818708
0.857885
0.892622
0.92274
0.948082
0.968517
0.983939
0.994268
0.999452
0.999462
0.994298
0.983988
0.968583
0.809017
0.84936
0.885268
0.916555
0.943056
0.964634
0.981177
0.992597
0.998836
0.99986
0.995665
0.986272
0.97173
0.952116
0.927532
0.898106
0.863992
0.825367
0.782434
0.735417
0.68456
0.63013
0.57241
0.511701
0.448322
0.382602
0.314884
0.245522
0.174877
0.103319
0.0312215
-0.0410401
-0.113088
-0.184547
-0.255044
-0.32421
-0.391685
-0.457116
-0.520163
-0.580495
-0.637799
-0.691775
-0.742141
-0.788635
-0.831013
-0.869055
-0.902563
-0.93136
-0.955298
-0.974251
-0.98812
-0.996832
-1.00034
-0.998633
-0.991713
-0.979617
-0.96241
-0.94018
-0.913044
-0.881144
-0.844645
-0.803739
-0.758639
-0.70958
-0.656819
-0.60063
-0.541307
-0.47916
-0.414512
-0.347701
-0.279077
-0.208997
-0.137826
-0.0659367
0.0062962
0.0784956
0.150285
0.221289
0.291137
0.359466
0.425917
0.490145
0.551815
0.610603
0.666204
0.718327
0.766699
0.81107
0.851206
0.886898
0.917961
0.944231
0.965571
0.981871
0.993044
0.999032
0.999805
0.995357
0.985712
0.970919
0.951057
0.827081
0.865678
0.899716
0.929017
0.953424
0.972811
0.987076
0.996142
0.999963
0.998518
0.991815
0.97989
0.962804
0.940649
0.913541
0.881622
0.845061
0.80405
0.758806
0.709565
0.656588
0.600153
0.540558
0.478117
0.413157
0.346022
0.277064
0.206646
0.13514
0.0629212
-0.00962937
-0.0821301
-0.154199
-0.225458
-0.29553
-0.364047
-0.430648
-0.494983
-0.556714
-0.615514
-0.671074
-0.723103
-0.771325
-0.815488
-0.855358
-0.890726
-0.921406
-0.947236
-0.96808
-0.983828
-0.994397
-0.999732
-0.999805
-0.994616
-0.98419
-0.968585
-0.947881
-0.922187
-0.891639
-0.856398
-0.816649
-0.772602
-0.724488
-0.67256
-0.617092
-0.558376
-0.496722
-0.432452
-0.365907
-0.297436
-0.2274
-0.156167
-0.0841126
-0.0116159
0.0609413
0.133177
0.204711
0.275167
0.344174
0.411368
0.476395
0.538914
0.598596
0.655125
0.708204
0.757554
0.802915
0.844048
0.880736
0.912786
0.94003
0.962323
0.979549
0.991617
0.998462
1.00005
0.996369
0.987441
0.973312
0.954057
0.929776
0.844328
0.881125
0.913241
0.940506
0.962775
0.97993
0.99188
0.998561
0.999939
0.996005
0.986781
0.972316
0.952686
0.927997
0.898378
0.863987
0.825008
0.781647
0.734134
0.682721
0.627682
0.56931
0.507913
0.443818
0.377365
0.308907
0.238809
0.167441
0.0951833
0.0224192
-0.0504648
-0.123082
-0.195046
-0.265975
-0.335493
-0.40323
-0.468827
-0.531935
-0.592219
-0.649359
-0.703052
-0.753013
-0.798975
-0.840696
-0.877953
-0.91055
-0.938311
-0.961091
-0.978769
-0.991249
-0.998467
-1.00038
-0.996989
-0.9883
-0.974365
-0.955256
-0.931075
-0.901951
-0.868038
-0.829516
-0.78659
-0.739488
-0.688459
-0.633776
-0.575727
-0.514622
-0.450785
-0.384555
-0.316283
-0.246332
-0.175074
-0.102886
-0.030153
0.0427398
0.115405
0.187457
0.258513
0.328196
0.396135
0.46197
0.525351
0.585942
0.643421
0.697482
0.747839
0.794223
0.83639
0.874114
0.907195
0.935457
0.958751
0.976953
0.989965
0.997718
1.00017
0.997313
0.989156
0.975744
0.957149
0.933468
0.904827
0.860742
0.895684
0.925827
0.95101
0.971097
0.985982
0.995584
0.999852
0.998763
0.992324
0.980568
0.963559
0.941388
0.914174
0.882062
0.845225
0.803859
0.758187
0.708453
0.654923
0.597885
0.537643
0.47452
0.408855
0.341
0.271316
0.200179
0.127969
0.0550723
-0.0181202
-0.0912165
-0.163825
-0.235557
-0.306029
-0.374862
-0.441688
-0.50615
-0.567901
-0.626612
-0.681967
-0.733671
-0.781446
-0.825036
-0.864208
-0.898752
-0.928484
-0.953243
-0.972898
-0.987342
-0.996499
-1.00032
-0.998784
-0.991899
-0.979702
-0.962259
-0.939662
-0.912033
-0.87952
-0.842298
-0.800564
-0.754543
-0.704482
-0.650648
-0.593329
-0.532834
-0.469485
-0.403622
-0.335598
-0.265777
-0.194533
-0.122248
-0.0493079
0.0238953
0.09697
0.169525
0.241171
0.311525
0.38021
0.446858
0.511112
0.572628
0.631076
0.686144
0.737535
0.784976
0.828212
0.86701
0.901164
0.930491
0.954832
0.974058
0.988066
0.99678
1.00015
0.998169
0.990836
0.978195
0.960311
0.937282
0.909231
0.876307
0.876307
0.909342
0.937463
0.960519
0.978383
0.990961
0.998184
1.00001
0.996438
0.987479
0.973185
0.953631
0.928925
0.899199
0.864615
0.825358
0.781642
0.733702
0.681798
0.626209
0.567236
0.505199
0.44043
0.373282
0.304116
0.233307
0.161236
0.0882927
0.0148718
-0.0586304
-0.131817
-0.204292
-0.275665
-0.345549
-0.413567
-0.479353
-0.542549
-0.602816
-0.659827
-0.713275
-0.762871
-0.808346
-0.849455
-0.885976
-0.917713
-0.944492
-0.96617
-0.98263
-0.993782
-0.999567
-0.999952
-0.994937
-0.984548
-0.968841
-0.9479
-0.92184
-0.890801
-0.854951
-0.814482
-0.769615
-0.72059
-0.667674
-0.611151
-0.551327
-0.488526
-0.423086
-0.355361
-0.285717
-0.21453
-0.142185
-0.0690723
0.00441321
0.0778744
0.150914
0.223139
0.294157
0.363586
0.43105
0.496185
0.558639
0.618075
0.674171
0.726625
0.775152
0.819492
0.859404
0.894672
0.925106
0.950542
0.970842
0.985896
0.995623
0.99997
0.998914
0.99246
0.980642
0.963526
0.941202
0.913791
0.881442
0.844328
0.891007
0.922085
0.948137
0.969022
0.984625
0.994862
0.999677
0.999044
0.992966
0.981477
0.964638
0.942543
0.915311
0.883091
0.846058
0.804415
0.758387
0.708226
0.654206
0.59662
0.535782
0.472024
0.405693
0.337151
0.266771
0.194937
0.122039
0.0484753
-0.0253533
-0.0990448
-0.172198
-0.244413
-0.315298
-0.384466
-0.451541
-0.516156
-0.577959
-0.636615
-0.691804
-0.743224
-0.790595
-0.83366
-0.872184
-0.905957
-0.934795
-0.958541
-0.977065
-0.990267
-0.998074
-1.00044
-0.997364
-0.988852
-0.974952
-0.955741
-0.931324
-0.901833
-0.86743
-0.828301
-0.78466
-0.736745
-0.684817
-0.629157
-0.570071
-0.507879
-0.442921
-0.37555
-0.306134
-0.23505
-0.162686
-0.0894361
-0.0156995
0.0581222
0.131627
0.204414
0.276087
0.346255
0.414536
0.480558
0.543961
0.604401
0.661546
0.715087
0.764731
0.810208
0.85127
0.887694
0.91928
0.945857
0.967279
0.98343
0.994223
0.999597
0.999523
0.994003
0.983065
0.966769
0.945205
0.918488
0.886765
0.850209
0.809017
0.904827
0.933899
0.957837
0.97651
0.989815
0.99768
1.00006
0.996946
0.988351
0.974323
0.95494
0.930309
0.900564
0.86587
0.826416
0.782421
0.734124
0.681793
0.625714
0.566196
0.503565
0.438167
0.37036
0.300516
0.229021
0.156265
0.0826504
0.00858026
-0.065538
-0.139297
-0.212292
-0.284121
-0.35439
-0.422713
-0.488714
-0.552031
-0.612315
-0.669236
-0.72248
-0.771756
-0.816791
-0.85734
-0.893179
-0.924111
-0.949965
-0.970601
-0.985905
-0.995792
-1.00021
-0.99913
-0.992562
-0.980541
-0.963133
-0.940434
-0.912568
-0.879688
-0.841975
-0.799637
-0.752905
-0.702037
-0.647313
-0.589032
-0.527514
-0.463099
-0.39614
-0.327005
-0.256073
-0.183735
-0.110388
-0.0364344
0.0377187
0.111664
0.184996
0.25731
0.32821
0.397307
0.46422
0.528581
0.590038
0.648252
0.702904
0.753692
0.800339
0.842588
0.880206
0.912987
0.940751
0.963344
0.980643
0.992553
0.999008
0.999973
0.995441
0.985439
0.97002
0.94927
0.923301
0.892258
0.856309
0.815653
0.770513
0.917755
0.944773
0.966553
0.982976
0.993949
0.999413
0.999337
0.993721
0.982597
0.966027
0.944101
0.916943
0.884702
0.847557
0.805714
0.759405
0.708886
0.654438
0.596362
0.534981
0.470633
0.403676
0.334482
0.263432
0.190922
0.117353
0.0431318
-0.031329
-0.105617
-0.179321
-0.252033
-0.323348
-0.392873
-0.460222
-0.525022
-0.586913
-0.645553
-0.700617
-0.751799
-0.798817
-0.841408
-0.879338
-0.912396
-0.940399
-0.963192
-0.980648
-0.992671
-0.999195
-1.00018
-0.995627
-0.985556
-0.970025
-0.949119
-0.922954
-0.891676
-0.855457
-0.814499
-0.769028
-0.719296
-0.665578
-0.608173
-0.547399
-0.483591
-0.417105
-0.348308
-0.277581
-0.205316
-0.131914
-0.0577817
0.0166705
0.0910299
0.164884
0.237825
0.309447
0.379354
0.447159
0.512485
0.574971
0.63427
0.690054
0.742014
0.789862
0.833332
0.872184
0.906202
0.935198
0.95901
0.977508
0.990588
0.998178
1.00024
0.99675
0.987739
0.973253
0.953373
0.928209
0.897899
0.862611
0.822541
0.777912
0.728969
0.929776
0.954695
0.974277
0.988412
0.997022
1.00006
0.997504
0.989374
0.975713
0.956598
0.932135
0.902462
0.867744
0.828176
0.783978
0.735398
0.682707
0.626199
0.566191
0.503017
0.437031
0.368602
0.298112
0.225954
0.152533
0.0782584
0.00354522
-0.0711889
-0.145526
-0.219051
-0.291354
-0.362029
-0.430682
-0.496929
-0.5604
-0.620741
-0.677614
-0.730701
-0.779706
-0.824355
-0.864398
-0.899611
-0.929798
-0.954791
-0.974448
-0.988661
-0.99735
-1.00047
-0.997993
-0.989943
-0.976362
-0.957326
-0.932941
-0.903343
-0.868697
-0.829198
-0.785066
-0.736547
-0.683913
-0.627458
-0.567497
-0.504365
-0.438416
-0.370017
-0.29955
-0.22741
-0.154
-0.0797297
-0.00501415
0.069729
0.144082
0.21763
0.289961
0.360671
0.429365
0.49566
0.559185
0.619584
0.67652
0.729676
0.778753
0.823479
0.863602
0.898898
0.929171
0.954251
0.973997
0.9883
0.997079
1.00029
0.997901
0.989939
0.976444
0.957491
0.933187
0.903665
0.869093
0.829661
0.785592
0.73713
0.684547
0.940881
0.963657
0.981001
0.992814
0.99903
0.999615
0.994565
0.983908
0.967705
0.946046
0.919055
0.886883
0.849712
0.807751
0.761236
0.710431
0.65562
0.597113
0.535241
0.47035
0.402808
0.332995
0.261304
0.188139
0.113912
0.0390431
-0.0360475
-0.110936
-0.1852
-0.258422
-0.330189
-0.400096
-0.46775
-0.532769
-0.594786
-0.653453
-0.708438
-0.759432
-0.806148
-0.848322
-0.885716
-0.91812
-0.945351
-0.967255
-0.98371
-0.994623
-0.999931
-0.999605
-0.993647
-0.98209
-0.965
-0.942473
-0.914635
-0.881644
-0.843686
-0.800973
-0.753748
-0.702276
-0.646846
-0.587773
-0.525387
-0.460042
-0.392104
-0.321958
-0.249997
-0.176629
-0.102265
-0.0273253
0.0477679
0.122592
0.196724
0.269747
0.341251
0.41083
0.478095
0.542664
0.604176
0.662282
0.716656
0.766991
0.813003
0.854434
0.891049
0.922643
0.949036
0.970082
0.985659
0.995682
1.00009
0.998868
0.992012
0.979566
0.961598
0.938211
0.909535
0.875732
0.836993
0.793535
0.745604
0.693469
0.637424
0.951057
0.971649
0.986717
0.996176
0.999972
0.998084
0.990523
0.97733
0.958583
0.934386
0.904878
0.870226
0.830628
0.786308
0.737518
0.684536
0.627662
0.567221
0.503555
0.437026
0.368012
0.296906
0.224111
0.150042
0.0751183
-0.000232988
-0.0755842
-0.150507
-0.224576
-0.29737
-0.368475
-0.437487
-0.504014
-0.567679
-0.628118
-0.68499
-0.73797
-0.786757
-0.831075
-0.870672
-0.905321
-0.934827
-0.959022
-0.977769
-0.99096
-0.998521
-1.00041
-0.996612
-0.987154
-0.972086
-0.951496
-0.9255
-0.894245
-0.857909
-0.816699
-0.770849
-0.72062
-0.666295
-0.608186
-0.546621
-0.48195
-0.414541
-0.344777
-0.273054
-0.199781
-0.125372
-0.0502511
0.0251548
0.100417
0.175109
0.248805
0.321087
0.391545
0.459777
0.525396
0.588029
0.647321
0.702934
0.754552
0.801882
0.844655
0.882628
0.915585
0.943339
0.965732
0.982637
0.993957
0.999629
0.99962
0.99393
0.98259
0.965667
0.943255
0.915482
0.882506
0.844513
0.80172
0.75437
0.702732
0.647098
0.587785
0.960294
0.978662
0.99142
0.998495
0.999847
0.995468
0.985382
0.969649
0.948357
0.92163
0.88962
0.852511
0.810515
0.763874
0.712854
0.657747
0.598871
0.536562
0.471176
0.40309
0.332692
0.260387
0.186589
0.11172
0.0362098
-0.0395092
-0.115003
-0.189839
-0.263588
-0.335829
-0.406146
-0.474137
-0.539413
-0.601598
-0.660338
-0.715295
-0.766155
-0.812626
-0.854441
-0.891362
-0.923176
-0.949701
-0.970786
-0.986309
-0.996182
-1.00035
-0.998782
-0.991494
-0.978527
-0.959953
-0.935879
-0.906444
-0.871816
-0.832192
-0.787802
-0.738898
-0.68576
-0.628694
-0.568027
-0.504105
-0.437295
-0.36798
-0.296557
-0.223435
-0.149033
-0.0737779
0.00189974
0.0775661
0.152788
0.227134
0.300178
0.371502
0.440697
0.507366
0.571128
0.631618
0.688488
0.741413
0.790089
0.834238
0.873607
0.907969
0.937129
0.960919
0.979202
0.991875
0.998863
1.00013
0.995661
0.985489
0.969669
0.948292
0.921481
0.889389
0.8522
0.810126
0.763409
0.712317
0.657141
0.598199
0.535827
0.968583
0.98469
0.995105
0.999769
0.998654
0.991768
0.979149
0.960871
0.93704
0.907793
0.873299
0.833758
0.789398
0.740476
0.687274
0.6301
0.569284
0.505177
0.43815
0.36859
0.2969
0.223492
0.148792
0.0732312
-0.00275419
-0.0787249
-0.154242
-0.228869
-0.302175
-0.373737
-0.44314
-0.509985
-0.573884
-0.634468
-0.691388
-0.744315
-0.792942
-0.836989
-0.876202
-0.910353
-0.939245
-0.962712
-0.980618
-0.99286
-0.999366
-1.0001
-0.995055
-0.984263
-0.967785
-0.945716
-0.918184
-0.885349
-0.847399
-0.804553
-0.75706
-0.705194
-0.649254
-0.589564
-0.526468
-0.460331
-0.391535
-0.320477
-0.247568
-0.173229
-0.0978898
-0.0219853
0.0540459
0.129765
0.204733
0.278519
0.350695
0.420844
0.488562
0.553458
0.615155
0.673298
0.727551
0.7776
0.823157
0.863957
0.899766
0.930376
0.955611
0.975324
0.989402
0.997763
1.00036
0.997176
0.98823
0.973575
0.953294
0.927504
0.896356
0.860027
0.818729
0.7727
0.722205
0.667536
0.609009
0.546962
0.481754
0.975917
0.989727
0.997769
0.999996
0.996395
0.986988
0.97183
0.951007
0.924643
0.892891
0.855935
0.813992
0.767304
0.716146
0.660813
0.60163
0.538941
0.47311
0.404522
0.333575
0.260685
0.186274
0.110777
0.0346326
-0.0417145
-0.11782
-0.19324
-0.267536
-0.340274
-0.411032
-0.479396
-0.544969
-0.607369
-0.666231
-0.721214
-0.771996
-0.818282
-0.859803
-0.896316
-0.927608
-0.953499
-0.973835
-0.9885
-0.997407
-1.0005
-0.997776
-0.989235
-0.974932
-0.954951
-0.929408
-0.898451
-0.862261
-0.821049
-0.775055
-0.724547
-0.669819
-0.611189
-0.548999
-0.483612
-0.415408
-0.344785
-0.272154
-0.197938
-0.122569
-0.0464862
0.0298668
0.106046
0.181606
0.256109
0.329119
0.400212
0.468973
0.535003
0.597915
0.657345
0.712944
0.764391
0.811385
0.853652
0.890946
0.923049
0.949776
0.970969
0.986506
0.996297
1.00028
0.998441
0.990784
0.977354
0.95823
0.933523
0.903378
0.86797
0.827505
0.782219
0.732375
0.678263
0.620199
0.558522
0.493589
0.425779
0.982287
0.993767
0.999407
0.999176
0.993073
0.981135
0.963433
0.940069
0.911183
0.876942
0.837549
0.793235
0.74426
0.690912
0.633505
0.572375
0.507881
0.440403
0.370337
0.298094
0.224099
0.148786
0.0725976
-0.00401827
-0.0806119
-0.156733
-0.231936
-0.305777
-0.377824
-0.447653
-0.514853
-0.579031
-0.63981
-0.696831
-0.749762
-0.798289
-0.842129
-0.881024
-0.914746
-0.943096
-0.965908
-0.983048
-0.994414
-0.999942
-0.999597
-0.993382
-0.981334
-0.963523
-0.940053
-0.911063
-0.876723
-0.837234
-0.792829
-0.743767
-0.690338
-0.632855
-0.571656
-0.507099
-0.439565
-0.369449
-0.297164
-0.223134
-0.147794
-0.0715867
0.00504117
0.0816391
0.157757
0.232949
0.306772
0.378793
0.448589
0.51575
0.579882
0.640608
0.697571
0.750437
0.798895
0.842661
0.881478
0.915118
0.943382
0.966106
0.983155
0.99443
0.999863
0.999425
0.993115
0.980973
0.963069
0.939508
0.910428
0.876001
0.836428
0.791942
0.742804
0.689302
0.631751
0.570488
0.505874
0.438287
0.368125
0.987688
0.996807
1.00002
0.997309
0.98869
0.974214
0.953967
0.928069
0.896673
0.859965
0.818163
0.771514
0.720294
0.664808
0.605383
0.542372
0.476147
0.407101
0.335643
0.262195
0.187194
0.111082
0.0343117
-0.0426636
-0.119388
-0.195406
-0.270269
-0.343532
-0.414763
-0.483538
-0.549452
-0.612113
-0.671151
-0.726216
-0.776981
-0.823147
-0.86444
-0.900615
-0.931457
-0.956786
-0.976449
-0.990332
-0.998351
-1.00046
-0.996644
-0.986928
-0.971369
-0.950059
-0.923123
-0.890723
-0.853048
-0.810323
-0.7628
-0.710761
-0.654513
-0.594391
-0.530749
-0.463965
-0.394434
-0.322568
-0.248793
-0.173544
-0.0972681
-0.0204166
0.0565556
0.133193
0.209041
0.283651
0.356581
0.427399
0.495687
0.561039
0.623068
0.681409
0.735714
0.785662
0.830958
0.871334
0.906549
0.936397
0.9607
0.979313
0.992128
0.999067
1.00009
0.995192
0.9844
0.967778
0.945426
0.917475
0.88409
0.84547
0.801844
0.753468
0.70063
0.643643
0.582844
0.518592
0.451269
0.381272
0.309017
0.992115
0.998843
0.999606
0.994399
0.983252
0.966233
0.943444
0.91502
0.881131
0.841979
0.797799
0.748854
0.695437
0.637866
0.576485
0.51166
0.44378
0.373248
0.300487
0.22593
0.150022
0.0732179
-0.00402513
-0.0812456
-0.157982
-0.233778
-0.308178
-0.380741
-0.451031
-0.518631
-0.583135
-0.644159
-0.701339
-0.754333
-0.802825
-0.846525
-0.885173
-0.918537
-0.946419
-0.968651
-0.985102
-0.995673
-1.0003
-0.998958
-0.991652
-0.978426
-0.959361
-0.934569
-0.904198
-0.868431
-0.827479
-0.781588
-0.731032
-0.676112
-0.617157
-0.554517
-0.488568
-0.419703
-0.348332
-0.274882
-0.199792
-0.123509
-0.0464895
0.0308075
0.10792
0.184389
0.259756
0.333572
0.405397
0.474801
0.541371
0.604709
0.664437
0.720198
0.771659
0.818514
0.860482
0.897313
0.928787
0.954716
0.974946
0.989355
0.997858
1.0004
0.996977
0.987599
0.972324
0.951244
0.924486
0.892208
0.854604
0.811897
0.764343
0.712225
0.655855
0.595569
0.531728
0.464711
0.394919
0.322768
0.24869
0.995562
0.999874
0.998166
0.990447
0.976764
0.957201
0.931874
0.900936
0.864574
0.823006
0.776482
0.725284
0.669718
0.610119
0.546847
0.480281
0.410823
0.338891
0.264918
0.189348
0.112637
0.0352473
-0.0423565
-0.119707
-0.196338
-0.271789
-0.345606
-0.417344
-0.486571
-0.552872
-0.615846
-0.675114
-0.730321
-0.781134
-0.827246
-0.868381
-0.90429
-0.934758
-0.959602
-0.97867
-0.99185
-0.999061
-1.00026
-0.995441
-0.98463
-0.967895
-0.945335
-0.917087
-0.883319
-0.844236
-0.800073
-0.751095
-0.697598
-0.639902
-0.578356
-0.513329
-0.445214
-0.374419
-0.301371
-0.22651
-0.150286
-0.0731583
0.00440984
0.0819511
0.158999
0.23509
0.309765
0.382576
0.453085
0.520866
0.585513
0.646635
0.703866
0.75686
0.8053
0.848892
0.887376
0.920518
0.948121
0.970018
0.986076
0.9962
1.00033
0.998435
0.990534
0.976671
0.956929
0.931429
0.900322
0.863797
0.822073
0.775401
0.724062
0.668365
0.608645
0.545262
0.478596
0.40905
0.337041
0.263003
0.187381
0.998027
0.999898
0.9957
0.985458
0.969234
0.947127
0.919271
0.885835
0.847022
0.803068
0.754238
0.700831
0.643169
0.581604
0.516507
0.448275
0.377321
0.304076
0.228984
0.152502
0.0750921
-0.00277461
-0.080626
-0.15799
-0.234396
-0.309382
-0.382492
-0.453283
-0.521325
-0.586205
-0.64753
-0.704927
-0.758048
-0.806572
-0.850202
-0.888675
-0.921758
-0.949249
-0.970982
-0.986824
-0.99668
-1.00049
-0.99823
-0.989915
-0.975594
-0.955355
-0.929321
-0.897649
-0.860531
-0.818192
-0.770891
-0.718912
-0.662573
-0.602214
-0.538201
-0.470924
-0.40079
-0.328224
-0.253668
-0.177573
-0.100401
-0.0226198
0.0552981
0.13288
0.209656
0.28516
0.358933
0.430528
0.499511
0.565464
0.627985
0.686696
0.741241
0.791288
0.836535
0.876706
0.911558
0.940879
0.964492
0.982253
0.994054
0.999824
0.999528
0.993168
0.980782
0.962445
0.938269
0.9084
0.873019
0.832342
0.786614
0.736114
0.681148
0.622048
0.559175
0.492908
0.423651
0.351822
0.277859
0.20221
0.125333
0.999507
0.998916
0.992212
0.979437
0.960669
0.936023
0.905648
0.869733
0.828495
0.782187
0.731094
0.675526
0.615825
0.552355
0.485505
0.415683
0.343317
0.268849
0.192736
0.115441
0.0374395
-0.040793
-0.118778
-0.196037
-0.272099
-0.346499
-0.41878
-0.488501
-0.555236
-0.618576
-0.678134
-0.733546
-0.784472
-0.830602
-0.871652
-0.907372
-0.937543
-0.961982
-0.980537
-0.993096
-0.999582
-0.999956
-0.994214
-0.982392
-0.964562
-0.940834
-0.911352
-0.876297
-0.835882
-0.790356
-0.739997
-0.685112
-0.626037
-0.563134
-0.496787
-0.427402
-0.355403
-0.281231
-0.20534
-0.128192
-0.0502613
0.0279768
0.106044
0.183461
0.259757
0.334464
0.407125
0.477296
0.544547
0.608468
0.668667
0.724776
0.776453
0.82338
0.865272
0.901871
0.932954
0.958331
0.977847
0.991382
0.998854
1.00022
0.995462
0.984619
0.967753
0.944969
0.916405
0.882236
0.842672
0.797953
0.748354
0.694178
0.635756
0.573446
0.507628
0.438705
0.367099
0.293248
0.217603
0.140627
0.0627905
1
0.996928
0.987706
0.972391
0.951079
0.923899
0.891021
0.852647
0.809014
0.76039
0.707075
0.649399
0.587717
0.52241
0.453879
0.382548
0.308857
0.233259
0.156222
0.0782196
-0.000266594
-0.0787528
-0.156755
-0.233792
-0.30939
-0.383081
-0.454412
-0.522942
-0.58825
-0.649932
-0.707609
-0.760923
-0.809548
-0.853182
-0.891558
-0.924437
-0.951618
-0.972933
-0.98825
-0.997475
-1.00055
-0.99746
-0.988219
-0.972887
-0.951557
-0.924361
-0.891466
-0.853076
-0.809427
-0.760788
-0.707459
-0.649769
-0.588074
-0.522753
-0.45421
-0.382866
-0.309163
-0.233554
-0.156505
-0.0784916
5.44808e-06
0.0785022
0.156515
0.233562
0.309169
0.38287
0.45421
0.52275
0.588066
0.649757
0.707442
0.760765
0.809398
0.85304
0.891424
0.924311
0.951499
0.972822
0.988146
0.997378
1.00046
0.997377
0.988143
0.972816
0.951492
0.924302
0.891414
0.853029
0.809386
0.760752
0.707428
0.649743
0.588052
0.522735
0.454196
0.382857
0.309157
0.233551
0.156505
0.0784946
6.81139e-14
0.999507
0.993936
0.982185
0.964327
0.940473
0.910771
0.875406
0.834598
0.788601
0.7377
0.682213
0.622483
0.558882
0.491806
0.421671
0.348914
0.273986
0.197354
0.119493
0.0408881
-0.0379728
-0.116599
-0.194503
-0.271199
-0.346211
-0.419073
-0.489332
-0.556552
-0.620313
-0.680221
-0.735903
-0.787012
-0.833232
-0.874274
-0.909884
-0.93984
-0.963956
-0.982082
-0.994106
-0.999953
-0.999586
-0.993008
-0.980259
-0.961418
-0.936604
-0.905969
-0.869705
-0.828036
-0.781222
-0.729554
-0.673352
-0.612965
-0.54877
-0.481165
-0.410569
-0.337423
-0.26218
-0.185308
-0.107285
-0.0285948
0.0502725
0.128827
0.206581
0.283051
0.357761
0.430248
0.500061
0.566766
0.629949
0.689216
0.744201
0.79456
0.839981
0.880182
0.914913
0.943958
0.967137
0.984305
0.995356
1.00022
0.998871
0.991313
0.977594
0.9578
0.932053
0.900514
0.863379
0.820879
0.773277
0.72087
0.663983
0.602969
0.538209
0.470104
0.399078
0.325572
0.250042
0.172959
0.0948019
0.0160554
-0.0627905
0.998027
0.989943
0.975656
0.955253
0.928863
0.896651
0.85882
0.815606
0.767281
0.714146
0.656535
0.594809
0.529355
0.460582
0.388922
0.314824
0.238751
0.161181
0.0825999
0.00349907
-0.0756253
-0.154278
-0.231965
-0.308201
-0.382508
-0.45442
-0.523487
-0.589275
-0.651374
-0.709394
-0.76297
-0.811769
-0.855483
-0.89384
-0.926598
-0.953553
-0.974535
-0.989413
-0.998094
-1.00052
-0.996687
-0.986607
-0.970348
-0.94801
-0.919735
-0.885699
-0.846115
-0.801231
-0.751329
-0.696721
-0.637749
-0.574782
-0.508215
-0.438465
-0.365968
-0.29118
-0.214567
-0.136611
-0.0577997
0.0213737
0.100413
0.178823
0.256112
0.331797
0.405404
0.476471
0.544552
0.609223
0.670077
0.726733
0.778837
0.826062
0.868113
0.904725
0.93567
0.960753
0.979818
0.992746
0.999455
0.999903
0.994087
0.982044
0.96385
0.939618
0.909501
0.873686
0.832398
0.785897
0.734472
0.678447
0.618172
0.554026
0.486409
0.415745
0.342477
0.267065
0.18998
0.111706
0.0327318
-0.0464465
-0.125333
0.995562
0.984954
0.968124
0.945179
0.916262
0.881556
0.841282
0.795693
0.745077
0.689754
0.630073
0.566412
0.499172
0.428778
0.355674
0.280323
0.203199
0.124791
0.0455927
-0.0338952
-0.113171
-0.191734
-0.269087
-0.344743
-0.418224
-0.489066
-0.556821
-0.621062
-0.681382
-0.737401
-0.788766
-0.835151
-0.876264
-0.911846
-0.941671
-0.965551
-0.983335
-0.994912
-1.00021
-0.999188
-0.991861
-0.978271
-0.958506
-0.932689
-0.900984
-0.863591
-0.820745
-0.772717
-0.719812
-0.662361
-0.600729
-0.535305
-0.466501
-0.394752
-0.32051
-0.244246
-0.166439
-0.087582
-0.00817212
0.0712891
0.1503
0.228362
0.304981
0.379675
0.451971
0.521413
0.587563
0.650003
0.708339
0.762202
0.811253
0.855181
0.89371
0.926596
0.953631
0.974645
0.989506
0.998118
1.00043
0.996423
0.986125
0.969602
0.946957
0.918332
0.88391
0.843907
0.798576
0.748203
0.693106
0.633633
0.57016
0.503087
0.432839
0.359858
0.284605
0.207557
0.129198
0.050024
-0.0294648
-0.108767
-0.187381
0.992115
0.978974
0.959599
0.934115
0.902682
0.865502
0.82281
0.77488
0.722015
0.664553
0.602859
0.537326
0.468371
0.396433
0.32197
0.245455
0.167377
0.0882314
0.00852247
-0.0712425
-0.150556
-0.228913
-0.305814
-0.380771
-0.453307
-0.522959
-0.589284
-0.65186
-0.710289
-0.764199
-0.813246
-0.857119
-0.895539
-0.92826
-0.955075
-0.975813
-0.990341
-0.998568
-1.00044
-0.995947
-0.985116
-0.968017
-0.944757
-0.915486
-0.88039
-0.839691
-0.793648
-0.742556
-0.686738
-0.626551
-0.562377
-0.494624
-0.423723
-0.350127
-0.274302
-0.196732
-0.117911
-0.0383394
0.0414758
0.121027
0.199808
0.277316
0.35306
0.426557
0.497339
0.564956
0.628977
0.688996
0.744629
0.795524
0.841356
0.881834
0.916699
0.945731
0.968744
0.985593
0.996169
1.00041
0.998276
0.989793
0.975011
0.954025
0.926968
0.894012
0.855367
0.811278
0.762027
0.707927
0.649322
0.586586
0.520117
0.450338
0.377695
0.302648
0.225676
0.147269
0.0679258
-0.0118491
-0.0915475
-0.170662
-0.24869
0.987688
0.972008
0.950089
0.922073
0.888139
0.848506
0.803427
0.753191
0.698122
0.638573
0.574925
0.507586
0.43699
0.363588
0.287852
0.210267
0.131332
0.0515524
-0.0285598
-0.108491
-0.187727
-0.265762
-0.342093
-0.416231
-0.487702
-0.556045
-0.620823
-0.681621
-0.738047
-0.789741
-0.836371
-0.877636
-0.913274
-0.943055
-0.966787
-0.98432
-0.99554
-1.00037
-0.998794
-0.990807
-0.976466
-0.955863
-0.929129
-0.896436
-0.857994
-0.814049
-0.764883
-0.710811
-0.652181
-0.589368
-0.522775
-0.452829
-0.379979
-0.304693
-0.227452
-0.148753
-0.0690995
0.0109966
0.0910219
0.170463
0.248811
0.325562
0.400225
0.472321
0.541387
0.606981
0.668681
0.726092
0.778846
0.826604
0.86906
0.905942
0.937013
0.962074
0.980964
0.993562
0.999787
0.9996
0.993002
0.980034
0.960781
0.935365
0.90395
0.866738
0.823966
0.77591
0.722878
0.665209
0.603275
0.537471
0.468221
0.395969
0.321177
0.244326
0.165909
0.0864295
0.0063962
-0.0736769
-0.153276
-0.231891
-0.309017
0.982287
0.964063
0.939603
0.909065
0.872648
0.830586
0.783152
0.730652
0.673426
0.611843
0.546303
0.477229
0.405067
0.330285
0.253365
0.174805
0.0951125
0.0148035
-0.0656031
-0.145587
-0.224632
-0.302227
-0.377869
-0.45107
-0.521357
-0.588274
-0.651391
-0.710297
-0.764613
-0.813987
-0.8581
-0.896668
-0.929439
-0.956203
-0.976787
-0.991057
-0.998921
-1.00033
-0.99527
-0.983779
-0.965928
-0.941834
-0.911652
-0.875577
-0.833842
-0.786718
-0.734508
-0.677551
-0.616214
-0.550894
-0.482013
-0.410016
-0.335369
-0.258555
-0.180069
-0.10042
-0.0201219
0.0603061
0.140344
0.219474
0.297186
0.372976
0.446354
0.516847
0.583999
0.647376
0.706567
0.761191
0.810894
0.855354
0.894286
0.927436
0.954591
0.975575
0.990253
0.998529
1.00035
0.995705
0.984623
0.967177
0.943478
0.913681
0.877978
0.836599
0.789813
0.737922
0.68126
0.620196
0.555123
0.486462
0.414658
0.340173
0.263491
0.185106
0.105526
0.0252653
-0.0551577
-0.135223
-0.214412
-0.292214
-0.368125
0.975917
0.955148
0.928152
0.895106
0.856225
0.811763
0.762008
0.707286
0.647954
0.584397
0.51703
0.446291
0.372643
0.296565
0.218552
0.139113
0.0587663
-0.0219658
-0.102557
-0.182481
-0.261218
-0.338256
-0.413091
-0.485236
-0.554221
-0.619597
-0.680938
-0.737843
-0.789943
-0.836897
-0.8784
-0.91418
-0.944006
-0.967683
-0.985056
-0.996012
-1.00048
-0.998431
-0.989877
-0.974875
-0.953522
-0.925957
-0.892361
-0.852951
-0.807985
-0.757755
-0.702589
-0.642845
-0.578914
-0.511212
-0.44018
-0.36628
-0.289994
-0.21182
-0.132265
-0.0518492
0.0289042
0.109469
0.18932
0.267938
0.34481
0.419435
0.491328
0.560019
0.625062
0.686032
0.742532
0.794195
0.840683
0.881695
0.916962
0.946255
0.969383
0.986196
0.996584
1.00048
0.997856
0.988732
0.973167
0.951262
0.92316
0.889044
0.849136
0.803697
0.753022
0.697441
0.637318
0.573043
0.505035
0.433739
0.359617
0.283153
0.204846
0.125206
0.0447512
-0.0359937
-0.116503
-0.196251
-0.274718
-0.351395
-0.425779
0.968583
0.945271
0.915748
0.88021
0.838888
0.792056
0.74002
0.683122
0.621736
0.556264
0.487138
0.414811
0.339758
0.262471
0.183459
0.103241
0.0223418
-0.0587056
-0.139369
-0.21912
-0.297434
-0.373796
-0.447706
-0.518678
-0.586245
-0.649965
-0.709418
-0.764215
-0.813995
-0.858432
-0.897234
-0.930146
-0.956951
-0.977474
-0.99158
-0.999176
-1.00021
-0.994683
-0.982623
-0.964112
-0.939271
-0.908264
-0.871294
-0.828604
-0.780474
-0.72722
-0.669191
-0.606769
-0.540364
-0.470411
-0.39737
-0.32172
-0.243958
-0.164595
-0.0841511
-0.0031552
0.0778612
0.158366
0.237831
0.315734
0.391564
0.464822
0.535029
0.601723
0.664465
0.722845
0.776478
0.825014
0.868132
0.905551
0.937023
0.962344
0.981346
0.993905
0.999938
0.999406
0.992312
0.978703
0.958669
0.93234
0.899891
0.861533
0.817519
0.768138
0.713715
0.654606
0.5912
0.523913
0.453187
0.379486
0.303295
0.225114
0.145457
0.0648454
-0.0161902
-0.0971177
-0.177406
-0.256527
-0.333962
-0.409203
-0.481754
0.960294
0.934442
0.902404
0.864392
0.820656
0.771487
0.71721
0.658185
0.594802
0.52748
0.456665
0.382826
0.306451
0.228047
0.148131
0.0672325
-0.0141127
-0.0953665
-0.175991
-0.255453
-0.333227
-0.408797
-0.481664
-0.551345
-0.61738
-0.679331
-0.736788
-0.789371
-0.836733
-0.878559
-0.914572
-0.944536
-0.96825
-0.985559
-0.996347
-1.00054
-0.99812
-0.989094
-0.973523
-0.951511
-0.923204
-0.888789
-0.848494
-0.802585
-0.751366
-0.695176
-0.634386
-0.569399
-0.500645
-0.428579
-0.353677
-0.276436
-0.197366
-0.11699
-0.0358401
0.0455464
0.126631
0.206878
0.285756
0.362742
0.437329
0.509021
0.577345
0.641849
0.702106
0.757717
0.808314
0.853563
0.893164
0.926855
0.954413
0.975656
0.990444
0.998678
1.0003
0.995313
0.983735
0.965649
0.941173
0.910471
0.873744
0.831237
0.78323
0.730042
0.672024
0.60956
0.543063
0.472975
0.399758
0.323896
0.245894
0.166265
0.0855379
0.00424636
-0.0770715
-0.157878
-0.237637
-0.315822
-0.391915
-0.465412
-0.535827
0.951057
0.922673
0.888133
0.847668
0.801548
0.750079
0.693606
0.632505
0.567183
0.498077
0.425646
0.350375
0.272765
0.193334
0.112612
0.0311365
-0.0505486
-0.131899
-0.212371
-0.291429
-0.368546
-0.443207
-0.514914
-0.58319
-0.647578
-0.707649
-0.763003
-0.813271
-0.858117
-0.897242
-0.930386
-0.957326
-0.977885
-0.991923
-0.999349
-1.00011
-0.994206
-0.981672
-0.962593
-0.937097
-0.905352
-0.867571
-0.824006
-0.774947
-0.720721
-0.661689
-0.598247
-0.530815
-0.459845
-0.385808
-0.3092
-0.23053
-0.150323
-0.0691144
0.0125549
0.0941402
0.175097
0.254887
0.332977
0.408846
0.481989
0.551918
0.618166
0.680293
0.737883
0.790553
0.837952
0.879763
0.915708
0.945547
0.969081
0.986154
0.996651
1.0005
0.997684
0.988212
0.972152
0.949609
0.920736
0.885723
0.844805
0.798254
0.746382
0.689533
0.628088
0.562455
0.493073
0.420405
0.344934
0.267165
0.187616
0.106817
0.0253078
-0.0563684
-0.137667
-0.218045
-0.296967
-0.373907
-0.448351
-0.519802
-0.587785
0.940881
0.909975
0.872951
0.830058
0.781584
0.727855
0.669232
0.606109
0.538911
0.468089
0.394119
0.317498
0.238742
0.158378
0.0769486
-0.00500029
-0.0869177
-0.168253
-0.24846
-0.326999
-0.403342
-0.476977
-0.547409
-0.614164
-0.676794
-0.734877
-0.788024
-0.835877
-0.878114
-0.914453
-0.944648
-0.968496
-0.985838
-0.996557
-1.00058
-0.997881
-0.988478
-0.972433
-0.949855
-0.920895
-0.885749
-0.844651
-0.797878
-0.745745
-0.688601
-0.62683
-0.560849
-0.491099
-0.41805
-0.342192
-0.264035
-0.184105
-0.102938
-0.0210792
0.0609207
0.142511
0.223143
0.302276
0.379378
0.45393
0.525432
0.593403
0.657387
0.716953
0.771702
0.821266
0.865311
0.903542
0.935702
0.961574
0.980986
0.993806
0.999949
0.999373
0.992082
0.978126
0.957597
0.930635
0.89742
0.858175
0.813165
0.762691
0.707094
0.646746
0.582054
0.513451
0.4414
0.366384
0.288908
0.209492
0.12867
0.0469845
-0.0350144
-0.116776
-0.197751
-0.277395
-0.355172
-0.43056
-0.503053
-0.572162
-0.637424
0.929776
0.896361
0.856872
0.811578
0.760785
0.704839
0.644116
0.579029
0.510019
0.437553
0.362121
0.284235
0.204422
0.123222
0.0411863
-0.0411308
-0.123172
-0.20438
-0.284207
-0.362111
-0.437566
-0.510059
-0.5791
-0.644222
-0.704983
-0.760972
-0.81181
-0.857152
-0.896692
-0.930162
-0.957335
-0.978026
-0.992097
-0.999451
-1.00004
-0.993856
-0.980945
-0.961393
-0.935332
-0.902939
-0.864432
-0.820073
-0.770163
-0.715038
-0.655072
-0.590671
-0.522271
-0.450336
-0.375352
-0.297826
-0.218285
-0.137266
-0.0553176
0.0270048
0.109144
0.190544
0.270654
0.34893
0.424844
0.497882
0.567547
0.633371
0.694905
0.751734
0.803473
0.849772
0.890318
0.924835
0.95309
0.974892
0.990094
0.998591
1.00033
0.995292
0.983517
0.965083
0.940116
0.908783
0.871298
0.827914
0.778925
0.724663
0.665495
0.601822
0.534075
0.462714
0.38822
0.311099
0.231874
0.15108
0.0692649
-0.0130173
-0.0952094
-0.176755
-0.257101
-0.335704
-0.412031
-0.485565
-0.555809
-0.622287
-0.684547
0.917755
0.881844
0.839913
0.792248
0.739175
0.681055
0.618286
0.551295
0.48054
0.406503
0.329691
0.250626
0.169849
0.0879112
0.00537107
-0.0772079
-0.159262
-0.240232
-0.319564
-0.396718
-0.471167
-0.542403
-0.60994
-0.673317
-0.732102
-0.785893
-0.834324
-0.877064
-0.91382
-0.944344
-0.968425
-0.9859
-0.99665
-1.0006
-0.997725
-0.988044
-0.971622
-0.948572
-0.919051
-0.88326
-0.841444
-0.793887
-0.740915
-0.682888
-0.620202
-0.553286
-0.482595
-0.408612
-0.331842
-0.252808
-0.17205
-0.0901177
-0.00757127
0.0750265
0.157112
0.238125
0.317514
0.394736
0.469265
0.540591
0.60823
0.671718
0.730624
0.784545
0.833113
0.875997
0.912904
0.943583
0.967824
0.985463
0.996378
1.0005
0.997787
0.988272
0.972014
0.949125
0.919761
0.884123
0.842453
0.795036
0.742195
0.684292
0.621721
0.554909
0.484313
0.410413
0.333715
0.254741
0.174031
0.0921358
0.00961352
-0.0729723
-0.155058
-0.236084
-0.315496
-0.392753
-0.467328
-0.538711
-0.606416
-0.66998
-0.728969
0.904827
0.86644
0.822092
0.772089
0.716776
0.656531
0.59177
0.522937
0.450507
0.374977
0.296866
0.216712
0.135066
0.052489
-0.0304513
-0.113184
-0.195141
-0.275759
-0.354482
-0.430771
-0.5041
-0.573964
-0.639885
-0.701408
-0.758111
-0.809603
-0.855531
-0.895579
-0.929471
-0.956975
-0.9779
-0.992104
-0.999489
-1
-0.993644
-0.980455
-0.960526
-0.933995
-0.901043
-0.861898
-0.816828
-0.766144
-0.710193
-0.64936
-0.584064
-0.514753
-0.441904
-0.366017
-0.287615
-0.207236
-0.125432
-0.0427668
0.0401924
0.122875
0.204712
0.285142
0.363612
0.439581
0.512529
0.581953
0.647376
0.708348
0.764451
0.815298
0.860541
0.899868
0.933008
0.959735
0.979863
0.993256
0.999821
0.999513
0.992334
0.978333
0.957607
0.930299
0.896595
0.856729
0.810973
0.759644
0.703092
0.641709
0.575915
0.506163
0.432932
0.356727
0.27807
0.197504
0.115582
0.0328667
-0.0500723
-0.132665
-0.214343
-0.294545
-0.37272
-0.448329
-0.520854
-0.589794
-0.654677
-0.715055
-0.770513
0.891007
0.850163
0.803427
0.751122
0.693611
0.631292
0.564597
0.493989
0.419956
0.343011
0.263687
0.182535
0.100116
0.0170005
-0.0662347
-0.149013
-0.230761
-0.310913
-0.388913
-0.464221
-0.536316
-0.604696
-0.66889
-0.728452
-0.78297
-0.832065
-0.875399
-0.912669
-0.94362
-0.968035
-0.985745
-0.996629
-1.00061
-0.997661
-0.987803
-0.971103
-0.947677
-0.917687
-0.881342
-0.838892
-0.790633
-0.736897
-0.678058
-0.614522
-0.546731
-0.475152
-0.400283
-0.322642
-0.242766
-0.16121
-0.0785365
0.00468037
0.0878644
0.17044
0.251834
0.331483
0.408837
0.483358
0.554531
0.621862
0.684886
0.743166
0.796298
0.843915
0.885685
0.921321
0.950575
0.973245
0.989174
0.998251
1.00041
0.995647
0.983984
0.965505
0.94034
0.908661
0.870689
0.826687
0.776959
0.72185
0.661742
0.597051
0.528226
0.455743
0.380105
0.301835
0.221477
0.139585
0.0567289
-0.0265183
-0.10958
-0.19188
-0.272848
-0.351924
-0.42856
-0.502224
-0.572406
-0.638619
-0.700405
-0.757336
-0.809017
0.876307
0.83303
0.783937
0.729368
0.669706
0.605366
0.536799
0.464482
0.388921
0.310643
0.230194
0.148135
0.065041
-0.0185096
-0.101933
-0.184648
-0.266075
-0.345648
-0.42281
-0.497024
-0.56777
-0.634555
-0.696913
-0.754409
-0.806641
-0.853244
-0.893894
-0.928307
-0.956242
-0.977505
-0.991946
-0.999466
-1.00001
-0.993577
-0.980211
-0.960004
-0.933098
-0.89968
-0.859985
-0.814288
-0.762908
-0.706205
-0.644574
-0.578444
-0.508279
-0.434566
-0.357821
-0.278579
-0.197393
-0.11483
-0.0314663
0.052117
0.135336
0.217611
0.298366
0.377039
0.45308
0.525959
0.595167
0.660221
0.720667
0.776084
0.826084
0.870319
0.90848
0.9403
0.965558
0.984078
0.995729
1.00043
0.998153
0.988908
0.972761
0.949827
0.920263
0.884278
0.842122
0.794089
0.740515
0.681774
0.618276
0.550464
0.478811
0.403818
0.326009
0.245925
0.164127
0.0811848
-0.00232176
-0.08581
-0.168697
-0.250404
-0.330362
-0.40801
-0.482808
-0.554234
-0.621788
-0.684999
-0.743425
-0.796659
-0.844328
0.860742
0.815059
0.763641
0.70685
0.645086
0.578782
0.508405
0.434451
0.357438
0.27791
0.196425
0.113556
0.0298859
-0.0539964
-0.137501
-0.220041
-0.301036
-0.379916
-0.456126
-0.529131
-0.598417
-0.663497
-0.723912
-0.779239
-0.829088
-0.873108
-0.91099
-0.942468
-0.967319
-0.98537
-0.996493
-1.00061
-0.997692
-0.98776
-0.970882
-0.947179
-0.916816
-0.880007
-0.837011
-0.78813
-0.733708
-0.674128
-0.609807
-0.541199
-0.468787
-0.393078
-0.314606
-0.233922
-0.151593
-0.0681994
0.0156738
0.0994364
0.182499
0.264279
0.3442
0.4217
0.496235
0.56728
0.634337
0.696933
0.754628
0.807016
0.85373
0.894441
0.928863
0.956753
0.977915
0.992202
0.999512
0.999794
0.993046
0.979316
0.9587
0.931343
0.897438
0.857223
0.810981
0.759037
0.701757
0.639543
0.572834
0.502097
0.427832
0.350559
0.270823
0.189184
0.106217
0.0225041
-0.0613644
-0.144799
-0.227214
-0.308028
-0.386673
-0.462597
-0.535264
-0.604165
-0.668813
-0.728755
-0.783569
-0.832868
-0.876307
0.844328
0.796267
0.742562
0.683593
0.619777
0.551568
0.479448
0.403928
0.325544
0.244851
0.162421
0.078838
-0.00530627
-0.0894152
-0.172893
-0.255148
-0.335597
-0.413671
-0.488816
-0.560499
-0.628214
-0.69148
-0.749848
-0.802906
-0.850277
-0.891625
-0.926658
-0.955128
-0.976832
-0.991617
-0.999378
-1.00006
-0.993658
-0.980217
-0.959834
-0.932651
-0.898861
-0.858704
-0.812465
-0.760471
-0.703089
-0.640728
-0.573827
-0.502862
-0.428335
-0.350774
-0.270729
-0.188766
-0.105466
-0.0214191
0.062779
0.146532
0.229247
0.310337
0.389228
0.465362
0.538199
0.607222
0.671944
0.731905
0.786682
0.835885
0.879166
0.916219
0.946781
0.970635
0.987614
0.997596
1.00051
0.996338
0.985107
0.966898
0.941839
0.910109
0.871931
0.827577
0.777361
0.721639
0.660805
0.59529
0.52556
0.452108
0.375454
0.296141
0.214732
0.131804
0.0479437
-0.0362542
-0.120193
-0.203278
-0.284921
-0.364542
-0.441578
-0.515483
-0.585733
-0.651829
-0.713304
-0.769722
-0.820682
-0.865824
-0.904827
0.827081
0.776674
0.72072
0.659619
0.593807
0.523754
0.449959
0.37295
0.293276
0.211506
0.128224
0.0440243
-0.0404919
-0.124721
-0.208063
-0.289921
-0.369712
-0.446867
-0.520833
-0.591084
-0.657118
-0.718464
-0.774683
-0.825374
-0.870176
-0.908768
-0.940875
-0.966268
-0.984766
-0.996236
-1.0006
-0.997816
-0.987915
-0.970964
-0.947084
-0.916445
-0.879265
-0.835811
-0.786392
-0.731361
-0.67111
-0.606071
-0.536706
-0.46351
-0.387008
-0.307743
-0.226283
-0.143207
-0.0591104
0.025408
0.109745
0.193298
0.275471
0.355678
0.433346
0.50792
0.57887
0.645687
0.707896
0.765053
0.816749
0.862615
0.902325
0.935594
0.962186
0.981911
0.994627
1.00024
0.998724
0.990075
0.97436
0.951691
0.92223
0.886187
0.84382
0.795431
0.741365
0.682009
0.617787
0.549156
0.476606
0.400656
0.321848
0.240745
0.157925
0.0739789
-0.0104928
-0.0948876
-0.178603
-0.261041
-0.341614
-0.419745
-0.494878
-0.566475
-0.634026
-0.697048
-0.755091
-0.807741
-0.854621
-0.895396
-0.929776
0.809017
0.756299
0.698139
0.634956
0.567203
0.49537
0.419971
0.341549
0.260669
0.177912
0.0938734
0.00915708
-0.0756274
-0.15987
-0.242966
-0.324316
-0.403337
-0.479459
-0.552135
-0.620843
-0.685089
-0.74441
-0.79838
-0.84661
-0.888754
-0.924509
-0.953618
-0.97587
-0.991107
-0.999218
-1.00015
-0.993883
-0.980474
-0.960016
-0.932656
-0.898591
-0.858065
-0.81137
-0.758841
-0.700857
-0.637834
-0.570225
-0.498516
-0.423224
-0.344888
-0.264074
-0.18136
-0.0973437
-0.0126274
0.0721793
0.156467
0.239629
0.321067
0.400197
0.476449
0.549275
0.618151
0.682582
0.742105
0.796291
0.844752
0.887139
0.923147
0.952517
0.975038
0.990548
0.998936
1.00014
0.994155
0.981021
0.960833
0.933737
0.899928
0.859648
0.813188
0.760881
0.703104
0.640272
0.572837
0.501284
0.426129
0.34791
0.267191
0.184553
0.100589
0.015904
-0.0688935
-0.153194
-0.23639
-0.317884
-0.397089
-0.473437
-0.546377
-0.615385
-0.679965
-0.739652
-0.794016
-0.842667
-0.885254
-0.921471
-0.951057
0.790155
0.735162
0.67484
0.609627
0.539994
0.466446
0.389517
0.309763
0.227763
0.14411
0.0594108
-0.0257212
-0.110669
-0.194818
-0.277557
-0.358288
-0.436426
-0.511404
-0.582679
-0.649735
-0.712086
-0.76928
-0.820904
-0.866582
-0.905984
-0.938825
-0.964866
-0.983919
-0.995846
-1.00056
-0.998028
-0.988266
-0.971347
-0.947393
-0.916576
-0.879121
-0.835299
-0.785426
-0.729865
-0.669017
-0.603324
-0.53326
-0.459335
-0.382083
-0.302063
-0.219856
-0.136057
-0.0512726
0.0338828
0.118792
0.202841
0.28542
0.365931
0.443792
0.518437
0.589327
0.655947
0.717816
0.774485
0.825543
0.870622
0.909394
0.941578
0.966942
0.985302
0.996524
1.00053
0.997285
0.986818
0.969203
0.944567
0.91309
0.874999
0.830571
0.780126
0.724032
0.662693
0.596555
0.526097
0.451829
0.374289
0.294039
0.211661
0.127751
0.0429179
-0.0422245
-0.127059
-0.210971
-0.293352
-0.373606
-0.451151
-0.525424
-0.595889
-0.662034
-0.723379
-0.779481
-0.829932
-0.874366
-0.912463
-0.943945
-0.968583
0.770513
0.713285
0.650849
0.58366
0.512208
0.437016
0.358632
0.277627
0.194595
0.110139
0.0248774
-0.0605682
-0.145574
-0.22952
-0.311793
-0.391792
-0.468935
-0.542657
-0.612421
-0.677718
-0.738071
-0.793039
-0.842222
-0.88526
-0.921839
-0.951693
-0.974603
-0.990402
-0.998975
-1.00026
-0.994245
-0.980976
-0.96055
-0.933115
-0.898872
-0.85807
-0.811008
-0.758027
-0.699516
-0.635901
-0.567646
-0.49525
-0.41924
-0.340171
-0.25862
-0.175183
-0.0904675
-0.00509235
0.0803196
0.165145
0.248765
0.330569
0.409961
0.486361
0.559212
0.627981
0.692168
0.751304
0.804957
0.852736
0.894292
0.929322
0.957571
0.978832
0.992951
0.999823
0.9994
0.991684
0.976732
0.954653
0.925608
0.889808
0.847516
0.79904
0.744734
0.684995
0.620257
0.550994
0.477712
0.400944
0.321253
0.239218
0.155439
0.0705275
-0.0148968
-0.100211
-0.184791
-0.26802
-0.349292
-0.428012
-0.503605
-0.575521
-0.643234
-0.706249
-0.764107
-0.816385
-0.862702
-0.902718
-0.936142
-0.96273
-0.982287
0.750111
0.690691
0.626189
0.557082
0.483876
0.40711
0.327348
0.245178
0.161202
0.076039
-0.00968562
-0.0953413
-0.180298
-0.263932
-0.345628
-0.424785
-0.500821
-0.573177
-0.641322
-0.704754
-0.763007
-0.815652
-0.862303
-0.902616
-0.936295
-0.963093
-0.982813
-0.995308
-1.00049
-0.998315
-0.988804
-0.972025
-0.948101
-0.917209
-0.879575
-0.835476
-0.785236
-0.729225
-0.667854
-0.601573
-0.530872
-0.456268
-0.378311
-0.297573
-0.214648
-0.130146
-0.0446879
0.0410986
0.126583
0.211136
0.294136
0.374975
0.453056
0.527807
0.598677
0.665147
0.726727
0.782964
0.833446
0.877801
0.915703
0.946874
0.971084
0.988156
0.997964
1.00044
0.995555
0.983355
0.963926
0.937413
0.904008
0.863959
0.817559
0.765151
0.707118
0.643888
0.575925
0.50373
0.427833
0.348793
0.267189
0.183623
0.098709
0.0130708
-0.0726616
-0.157858
-0.241892
-0.324145
-0.404013
-0.480909
-0.554266
-0.623546
-0.688239
-0.747869
-0.801998
-0.850227
-0.892201
-0.927613
-0.956201
-0.977754
-0.992115
0.728969
0.6674
0.600887
0.529921
0.455027
0.376761
0.295702
0.212451
0.127624
0.0418498
-0.0442369
-0.129998
-0.214799
-0.298012
-0.37902
-0.457223
-0.532042
-0.602923
-0.669341
-0.730805
-0.786858
-0.837086
-0.881117
-0.918624
-0.949331
-0.973009
-0.989482
-0.99863
-1.00038
-0.994732
-0.981714
-0.961427
-0.934022
-0.899702
-0.85872
-0.81138
-0.758032
-0.699072
-0.634936
-0.566099
-0.49307
-0.416391
-0.336629
-0.254375
-0.170237
-0.0848399
0.00118541
0.0872016
0.172572
0.256663
0.338854
0.418536
0.495118
0.568033
0.636742
0.700736
0.75954
0.81272
0.859882
0.900676
0.934801
0.962004
0.982083
0.994889
1.00033
0.998362
0.989002
0.972319
0.948436
0.917531
0.879831
0.835617
0.785216
0.729001
0.667389
0.600835
0.529833
0.454909
0.376618
0.295538
0.212272
0.127435
0.0416566
-0.044429
-0.130184
-0.214972
-0.298167
-0.379151
-0.457325
-0.532111
-0.602952
-0.669326
-0.73074
-0.78674
-0.83691
-0.880878
-0.91832
-0.948956
-0.972561
-0.988958
-0.998027
0.707107
0.643439
0.574967
0.502205
0.425693
0.346002
0.263728
0.179485
0.0938997
0.00761181
-0.0787352
-0.164497
-0.249034
-0.331716
-0.411925
-0.489064
-0.562556
-0.631854
-0.696441
-0.755834
-0.809591
-0.857311
-0.898637
-0.933261
-0.960925
-0.981423
-0.994602
-1.00036
-0.998663
-0.989514
-0.972986
-0.949201
-0.918337
-0.880624
-0.836343
-0.785824
-0.729444
-0.667624
-0.600825
-0.529545
-0.454315
-0.375697
-0.294278
-0.210664
-0.125478
-0.0393578
0.047056
0.133118
0.218187
0.301629
0.38282
0.461155
0.53605
0.606947
0.673316
0.734663
0.790529
0.840499
0.884199
0.921304
0.951537
0.974672
0.990537
0.999014
1.00004
0.993605
0.97976
0.958607
0.930304
0.895063
0.853145
0.804864
0.750581
0.690699
0.625666
0.555967
0.482122
0.404682
0.324225
0.24135
0.156676
0.0708356
-0.0155319
-0.101782
-0.187271
-0.27136
-0.353424
-0.432849
-0.509043
-0.581437
-0.649491
-0.712697
-0.770584
-0.82272
-0.868714
-0.908225
-0.940957
-0.966666
-0.985159
-0.996298
-1
0.684547
0.618829
0.548458
0.473963
0.395904
0.314867
0.231462
0.146316
0.0600673
-0.0266349
-0.113139
-0.198796
-0.282961
-0.365002
-0.444302
-0.520266
-0.592323
-0.659931
-0.722583
-0.779807
-0.831173
-0.876296
-0.914836
-0.946504
-0.971062
-0.988325
-0.998163
-1.0005
-0.995326
-0.982672
-0.962636
-0.935368
-0.901073
-0.860009
-0.812484
-0.758855
-0.699525
-0.63494
-0.565585
-0.491981
-0.414682
-0.334267
-0.251341
-0.166527
-0.0804629
0.00620565
0.0928272
0.178751
0.263331
0.345933
0.425935
0.502736
0.57576
0.644458
0.708314
0.766848
0.819619
0.866233
0.906338
0.939634
0.965869
0.984848
0.996427
1.00052
0.997095
0.986179
0.967854
0.942258
0.909582
0.870072
0.824026
0.771789
0.713754
0.650357
0.582074
0.509419
0.432938
0.353204
0.270818
0.186399
0.10058
0.0140072
-0.0726693
-0.158798
-0.243732
-0.326832
-0.407475
-0.485053
-0.558985
-0.628714
-0.693716
-0.753503
-0.807625
-0.855676
-0.897293
-0.932165
-0.960028
-0.980674
-0.993946
-0.999745
-0.998027
0.661312
0.593596
0.521385
0.445225
0.365693
0.28339
0.19894
0.112982
0.0261659
-0.0608501
-0.147408
-0.232852
-0.316536
-0.397827
-0.476109
-0.550789
-0.621303
-0.687117
-0.747732
-0.802689
-0.851574
-0.894015
-0.929692
-0.958334
-0.979724
-0.993702
-1.00016
-0.99905
-0.99038
-0.974216
-0.95068
-0.91995
-0.88226
-0.837893
-0.787185
-0.730521
-0.668329
-0.60108
-0.529283
-0.45348
-0.374246
-0.292181
-0.207905
-0.122056
-0.0352831
0.0517559
0.138403
0.224002
0.307905
0.389479
0.468104
0.543186
0.614157
0.680481
0.741654
0.797214
0.846741
0.88986
0.926244
0.955619
0.977761
0.992504
0.999736
0.999402
0.991505
0.976104
0.953317
0.923315
0.886326
0.84263
0.792557
0.736487
0.674844
0.608095
0.536744
0.461332
0.38243
0.300635
0.216565
0.130858
0.0441623
-0.0428663
-0.129569
-0.215289
-0.299378
-0.3812
-0.460134
-0.535583
-0.606977
-0.673775
-0.73547
-0.791596
-0.841728
-0.885486
-0.92254
-0.952607
-0.97546
-0.990927
-0.998889
-0.999286
-0.992115
0.637424
0.567766
0.493777
0.416021
0.335091
0.251604
0.166197
0.07952
-0.0077653
-0.0949937
-0.1815
-0.266625
-0.34972
-0.430151
-0.507305
-0.580593
-0.649458
-0.713373
-0.771852
-0.82445
-0.870764
-0.910442
-0.943181
-0.968732
-0.9869
-0.997546
-1.00059
-0.996006
-0.983832
-0.96416
-0.937139
-0.902975
-0.861929
-0.814313
-0.760492
-0.700873
-0.635913
-0.566107
-0.491985
-0.414115
-0.333087
-0.249522
-0.164055
-0.0773378
0.00996846
0.0971983
0.183687
0.268775
0.351814
0.43217
0.509233
0.582413
0.651154
0.714931
0.773258
0.82569
0.871829
0.911322
0.943868
0.969219
0.987183
0.997621
1.00046
0.995663
0.983282
0.963406
0.936186
0.901831
0.860602
0.812813
0.758828
0.69906
0.633964
0.564037
0.48981
0.411851
0.330754
0.247136
0.161636
0.0749045
-0.0123962
-0.0996009
-0.186045
-0.271069
-0.354025
-0.43428
-0.511222
-0.584265
-0.652853
-0.71646
-0.774604
-0.82684
-0.87277
-0.912043
-0.94436
-0.969475
-0.987195
-0.997385
-0.999968
-0.994922
-0.982287
0.612907
0.541364
0.465662
0.386382
0.304132
0.219545
0.13327
0.0459689
-0.0416872
-0.129025
-0.215375
-0.300074
-0.38247
-0.461932
-0.537849
-0.609638
-0.676749
-0.738665
-0.794912
-0.845057
-0.888716
-0.925553
-0.955284
-0.977683
-0.992577
-0.999852
-0.999451
-0.991377
-0.975693
-0.95252
-0.922034
-0.88447
-0.840116
-0.789313
-0.73245
-0.669965
-0.602337
-0.530085
-0.453764
-0.37396
-0.291285
-0.206374
-0.119879
-0.0324643
0.0551992
0.142439
0.228584
0.312974
0.394961
0.473915
0.549231
0.620329
0.686665
0.747728
0.803051
0.852208
0.894822
0.930566
0.959166
0.980402
0.99411
1.00019
0.998584
0.989314
0.97245
0.94812
0.916511
0.877865
0.83248
0.780705
0.722936
0.659617
0.591234
0.518313
0.441414
0.361126
0.278067
0.192874
0.106201
0.0187143
-0.0689147
-0.156013
-0.241912
-0.325952
-0.407488
-0.485893
-0.560565
-0.630931
-0.696451
-0.756621
-0.810978
-0.859107
-0.900636
-0.935247
-0.962674
-0.982705
-0.995187
-1.00002
-0.997178
-0.986671
-0.968583
0.587785
0.514417
0.437069
0.356338
0.272849
0.187247
0.100195
0.0123662
-0.0755607
-0.162906
-0.248993
-0.333157
-0.414746
-0.49313
-0.567703
-0.637888
-0.703141
-0.762959
-0.816879
-0.864483
-0.905404
-0.939325
-0.965984
-0.985175
-0.996748
-1.00062
-0.996746
-0.98517
-0.965977
-0.939315
-0.905391
-0.864467
-0.816858
-0.762934
-0.703111
-0.637852
-0.567662
-0.493082
-0.41469
-0.333092
-0.248919
-0.162821
-0.0754651
0.0124741
0.100316
0.187383
0.273
0.356505
0.437254
0.514621
0.588008
0.656849
0.72061
0.778798
0.830965
0.876705
0.915666
0.947547
0.972101
0.989138
0.998526
1.00019
0.994126
0.980371
0.959037
0.930286
0.894343
0.851484
0.802041
0.746397
0.684981
0.61827
0.546778
0.471059
0.391698
0.30931
0.22453
0.138016
0.0504349
-0.0375346
-0.125212
-0.211921
-0.296988
-0.379758
-0.459589
-0.535864
-0.607994
-0.675419
-0.73762
-0.794114
-0.844464
-0.888281
-0.925226
-0.955014
-0.977412
-0.992248
-0.999408
-0.998834
-0.990532
-0.974565
-0.951057
0.562083
0.486953
0.408027
0.325921
0.241274
0.154746
0.0670101
-0.02125
-0.109347
-0.196594
-0.282312
-0.365834
-0.446508
-0.523707
-0.596828
-0.665303
-0.728599
-0.786221
-0.837722
-0.8827
-0.920805
-0.95174
-0.975264
-0.991194
-0.999406
-0.999835
-0.992479
-0.977394
-0.954698
-0.924568
-0.887238
-0.842999
-0.792196
-0.735224
-0.672526
-0.604592
-0.53195
-0.455165
-0.374837
-0.291589
-0.206072
-0.11895
-0.0309015
0.0573868
0.145228
0.231937
0.31684
0.399275
0.478601
0.554198
0.62548
0.69189
0.752911
0.808068
0.856933
0.899123
0.934311
0.962223
0.98264
0.995405
1.00042
0.99764
0.987093
0.968858
0.943078
0.909953
0.869743
0.822759
0.769367
0.709985
0.645074
0.575139
0.500726
0.422414
0.340813
0.256559
0.170308
0.0827313
-0.00548847
-0.0936643
-0.181109
-0.267142
-0.351093
-0.432308
-0.510154
-0.584026
-0.653346
-0.717577
-0.776216
-0.828807
-0.874941
-0.914258
-0.946451
-0.97127
-0.988521
-0.998069
-0.99984
-0.993819
-0.980054
-0.958651
-0.929776
0.535827
0.458998
0.378567
0.295164
0.209443
0.122077
0.033751
-0.0548417
-0.143006
-0.230051
-0.315294
-0.398065
-0.477716
-0.553622
-0.625187
-0.69185
-0.753088
-0.808421
-0.857414
-0.899683
-0.934897
-0.962779
-0.983111
-0.995733
-1.00055
-0.997513
-0.986656
-0.968061
-0.941875
-0.908302
-0.867605
-0.820104
-0.766171
-0.70623
-0.64075
-0.570245
-0.495267
-0.416406
-0.334279
-0.249531
-0.162827
-0.074845
0.0137231
0.102183
0.189841
0.27601
0.360014
0.441193
0.518912
0.592561
0.661561
0.725373
0.783495
0.835471
0.880894
0.919408
0.950711
0.974557
0.990758
0.999189
0.999783
0.992535
0.977503
0.954804
0.924615
0.887175
0.842777
0.791769
0.734551
0.671572
0.603327
0.530349
0.453213
0.372522
0.288911
0.203034
0.115566
0.0271918
-0.0613941
-0.149497
-0.236426
-0.3215
-0.40405
-0.483429
-0.559015
-0.630214
-0.696468
-0.757257
-0.812104
-0.860579
-0.902301
-0.936943
-0.964233
-0.983956
-0.995958
-1.00014
-0.996482
-0.984999
-0.965785
-0.938991
-0.904827
0.509041
0.430582
0.348718
0.264097
0.177388
0.0892752
0.000454963
-0.088371
-0.176501
-0.263238
-0.347899
-0.429812
-0.508333
-0.582839
-0.652743
-0.717493
-0.776576
-0.829527
-0.875926
-0.915407
-0.947659
-0.972426
-0.989513
-0.998785
-1.00017
-0.993651
-0.979287
-0.957188
-0.927528
-0.890543
-0.846524
-0.795819
-0.738829
-0.676003
-0.607838
-0.534872
-0.457681
-0.376876
-0.293094
-0.206998
-0.119267
-0.0305943
0.0583197
0.146773
0.234066
0.319509
0.402429
0.48217
0.558101
0.629624
0.696173
0.757223
0.812291
0.860943
0.902794
0.937513
0.964827
0.984519
0.996435
1.00048
0.996622
0.984891
0.965381
0.938246
0.903699
0.862014
0.81352
0.758601
0.697689
0.631267
0.559859
0.484029
0.404377
0.32153
0.236145
0.148895
0.0604705
-0.0284311
-0.117107
-0.204857
-0.290987
-0.374817
-0.455685
-0.532952
-0.606007
-0.674273
-0.737212
-0.794324
-0.84516
-0.889317
-0.926446
-0.956255
-0.978506
-0.993025
-0.999697
-0.998467
-0.989347
-0.972406
-0.947781
-0.915663
-0.876307
0.481754
0.401732
0.318511
0.232755
0.145144
0.0563769
-0.032841
-0.1218
-0.209791
-0.296116
-0.380087
-0.461036
-0.538319
-0.611321
-0.679461
-0.742198
-0.799032
-0.849511
-0.893234
-0.929851
-0.959073
-0.980667
-0.99446
-1.00034
-0.998271
-0.988257
-0.970383
-0.94479
-0.911682
-0.871322
-0.824032
-0.770187
-0.710216
-0.644596
-0.573848
-0.498537
-0.41926
-0.336648
-0.251359
-0.16407
-0.0754772
0.0137159
0.102799
0.191065
0.27781
0.362345
0.443997
0.522117
0.596083
0.665307
0.729238
0.787368
0.839235
0.884425
0.922579
0.953394
0.976625
0.992087
0.999656
0.999274
0.990942
0.974727
0.950759
0.919227
0.880383
0.834536
0.782051
0.723344
0.658884
0.589183
0.514795
0.436313
0.35436
0.26959
0.182675
0.0943078
0.00519137
-0.0839653
-0.172453
-0.259568
-0.344616
-0.426922
-0.50583
-0.580713
-0.650974
-0.716055
-0.775438
-0.828649
-0.875267
-0.914919
-0.947291
-0.972124
-0.98922
-0.998444
-0.999722
-0.993043
-0.978461
-0.95609
-0.926109
-0.888756
-0.844328
0.45399
0.372477
0.287978
0.201169
0.112746
0.0234177
-0.0661
-0.15509
-0.24284
-0.328645
-0.41182
-0.491697
-0.567637
-0.639031
-0.705307
-0.765934
-0.820426
-0.868347
-0.909312
-0.942995
-0.969124
-0.98749
-0.997946
-1.00041
-0.994858
-0.981338
-0.959957
-0.930887
-0.89436
-0.850669
-0.800164
-0.74325
-0.680381
-0.612063
-0.538842
-0.461305
-0.380073
-0.295797
-0.209151
-0.12083
-0.0315422
0.0579984
0.147074
0.234971
0.320985
0.404427
0.48463
0.560949
0.632775
0.699531
0.760683
0.815741
0.864263
0.905862
0.940204
0.967014
0.986076
0.99724
1.00041
0.995574
0.982758
0.962069
0.933674
0.897798
0.854731
0.804816
0.748455
0.686097
0.618244
0.545438
0.468264
0.387338
0.30331
0.216853
0.128659
0.0394358
-0.0501029
-0.139239
-0.227259
-0.313457
-0.397143
-0.477646
-0.554321
-0.626553
-0.693765
-0.755417
-0.811015
-0.860114
-0.902321
-0.937296
-0.96476
-0.984493
-0.996336
-1.00019
-0.996035
-0.983894
-0.963866
-0.936113
-0.900856
-0.858377
-0.809017
0.425779
0.342848
0.257148
0.169372
0.0802276
-0.00956631
-0.099285
-0.188204
-0.275607
-0.360789
-0.443061
-0.52176
-0.596252
-0.665934
-0.730246
-0.788668
-0.840728
-0.886008
-0.92414
-0.954819
-0.977795
-0.992884
-0.999964
-0.998978
-0.989934
-0.972904
-0.948027
-0.915502
-0.875592
-0.828619
-0.774962
-0.715053
-0.649377
-0.578462
-0.502881
-0.423244
-0.340193
-0.254398
-0.166551
-0.0773607
0.0124532
0.102166
0.191055
0.278402
0.363502
0.44567
0.524242
0.598584
0.668098
0.732221
0.790437
0.842276
0.88732
0.925206
0.955627
0.978339
0.993159
0.999966
0.998706
0.989389
0.97209
0.94695
0.91417
0.874015
0.826809
0.772934
0.712823
0.646962
0.575882
0.500157
0.420397
0.337246
0.251375
0.163477
0.0742602
-0.0155546
-0.105243
-0.194082
-0.281353
-0.366354
-0.448398
-0.526824
-0.600998
-0.670322
-0.734237
-0.792227
-0.843823
-0.88861
-0.926227
-0.956368
-0.978792
-0.993317
-0.999826
-0.998265
-0.988648
-0.971052
-0.945617
-0.912551
-0.872118
-0.824644
-0.770513
0.397148
0.312874
0.226056
0.137399
0.0476243
-0.0425393
-0.132359
-0.221105
-0.308057
-0.392507
-0.473771
-0.551187
-0.624127
-0.691997
-0.754247
-0.810371
-0.859913
-0.90247
-0.937697
-0.965307
-0.985076
-0.996843
-1.00051
-0.996055
-0.983507
-0.96297
-0.93461
-0.898658
-0.855407
-0.805207
-0.748466
-0.685645
-0.617255
-0.543851
-0.466029
-0.384422
-0.299692
-0.212528
-0.123638
-0.0337442
0.0564236
0.146133
0.234654
0.321269
0.405274
0.485986
0.56275
0.634942
0.701975
0.763305
0.818435
0.866915
0.908352
0.942411
0.968813
0.987344
0.997854
1.00026
0.994536
0.980735
0.958966
0.929407
0.892297
0.847939
0.796693
0.738975
0.675253
0.606046
0.531916
0.453466
0.371331
0.286181
0.198707
0.109618
0.0196401
-0.0704969
-0.16006
-0.248323
-0.334567
-0.418092
-0.498219
-0.574298
-0.64571
-0.711875
-0.772255
-0.826359
-0.873749
-0.914039
-0.946901
-0.972068
-0.989336
-0.998565
-0.999678
-0.992667
-0.977589
-0.954566
-0.923784
-0.885494
-0.840006
-0.787689
-0.728969
0.368125
0.282585
0.194731
0.105282
0.0149707
-0.0754652
-0.165285
-0.253755
-0.340151
-0.423765
-0.503914
-0.579942
-0.651227
-0.717186
-0.77728
-0.831015
-0.877954
-0.917712
-0.949963
-0.974444
-0.990955
-0.999359
-0.99959
-0.991644
-0.975586
-0.951548
-0.919727
-0.880383
-0.833838
-0.780471
-0.720721
-0.655076
-0.584072
-0.50829
-0.428351
-0.344909
-0.258645
-0.170266
-0.0804939
0.00993586
0.100284
0.189811
0.277786
0.363487
0.446215
0.525292
0.600072
0.669943
0.734333
0.792716
0.844613
0.889601
0.927312
0.957437
0.979729
0.994006
1.00015
0.998116
0.987915
0.969633
0.943418
0.909486
0.868114
0.81964
0.764461
0.703029
0.635847
0.563462
0.486469
0.405497
0.321208
0.234291
0.145459
0.0554369
-0.0350378
-0.125225
-0.214387
-0.301795
-0.386733
-0.468506
-0.546445
-0.619914
-0.688309
-0.751073
-0.807691
-0.8577
-0.900691
-0.936312
-0.964272
-0.984341
-0.996355
-1.00022
-0.995893
-0.98342
-0.962899
-0.934498
-0.898448
-0.855045
-0.804644
-0.747656
-0.684547
0.338738
0.252011
0.163207
0.0730561
-0.0176981
-0.108308
-0.198028
-0.286117
-0.371852
-0.454524
-0.533454
-0.607991
-0.67752
-0.74147
-0.799313
-0.850573
-0.894827
-0.931712
-0.960922
-0.982218
-0.995423
-1.00043
-0.997197
-0.985749
-0.966183
-0.938659
-0.903403
-0.860706
-0.810919
-0.754454
-0.691774
-0.623396
-0.549884
-0.471842
-0.389914
-0.304775
-0.217126
-0.127688
-0.037199
0.0535961
0.143949
0.233117
0.320363
0.40497
0.486242
0.563507
0.636131
0.703514
0.765102
0.820387
0.868915
0.910284
0.944155
0.970249
0.98835
0.99831
1.00005
0.993545
0.978859
0.95611
0.925485
0.887237
0.84168
0.789191
0.7302
0.665195
0.594711
0.519328
0.439667
0.356385
0.270168
0.181726
0.0917871
0.0010928
-0.0896099
-0.179574
-0.268058
-0.354333
-0.437688
-0.517437
-0.592923
-0.663524
-0.728657
-0.787787
-0.840427
-0.886142
-0.924556
-0.955352
-0.978277
-0.993142
-0.999823
-0.998267
-0.988484
-0.970557
-0.944632
-0.910923
-0.869706
-0.821323
-0.76617
-0.704701
-0.637424
0.309017
0.221184
0.131515
0.0407538
-0.0503473
-0.141032
-0.230549
-0.318155
-0.403123
-0.484749
-0.562355
-0.635298
-0.702972
-0.764817
-0.820319
-0.869018
-0.91051
-0.944451
-0.970558
-0.988616
-0.998475
-1.00005
-0.993337
-0.978382
-0.955312
-0.92432
-0.885661
-0.839657
-0.786689
-0.727196
-0.661672
-0.59066
-0.51475
-0.43457
-0.350786
-0.264093
-0.17521
-0.0848745
0.00616506
0.0971532
0.187335
0.275963
0.362301
0.445635
0.525271
0.600551
0.670849
0.735583
0.794215
0.846259
0.891284
0.928917
0.958844
0.980818
0.994656
1.00024
0.997537
0.986555
0.96739
0.940201
0.905213
0.862718
0.813066
0.756671
0.694
0.625573
0.551957
0.473764
0.391641
0.30627
0.218359
0.128637
0.0378483
-0.0532534
-0.143913
-0.233378
-0.320907
-0.405773
-0.487273
-0.564731
-0.637503
-0.704987
-0.766622
-0.821897
-0.870353
-0.911589
-0.945263
-0.971095
-0.98887
-0.998441
-0.999728
-0.992722
-0.977479
-0.954126
-0.922856
-0.883929
-0.837667
-0.784454
-0.724731
-0.658993
-0.587785
0.278991
0.190135
0.0996893
0.00840955
-0.0829419
-0.173602
-0.262814
-0.349831
-0.433929
-0.514403
-0.590583
-0.661831
-0.727552
-0.787198
-0.840271
-0.886327
-0.924981
-0.955911
-0.978858
-0.993631
-1.00011
-0.998229
-0.988016
-0.969551
-0.94299
-0.908554
-0.86653
-0.81727
-0.761185
-0.698743
-0.630465
-0.556923
-0.47873
-0.396539
-0.311037
-0.222937
-0.132976
-0.0419045
0.0495166
0.140524
0.230357
0.318266
0.403517
0.485398
0.563224
0.636347
0.704154
0.766081
0.821609
0.870275
0.911673
0.945456
0.971344
0.989119
0.998632
0.999806
0.99263
0.977163
0.953535
0.921944
0.882653
0.83599
0.782346
0.722167
0.655958
0.58427
0.507703
0.426896
0.342524
0.255291
0.165927
0.0751773
-0.0161998
-0.107441
-0.197785
-0.286476
-0.372774
-0.455958
-0.535333
-0.610236
-0.680042
-0.744168
-0.802078
-0.853287
-0.89737
-0.933956
-0.962741
-0.983483
-0.996011
-1.00022
-0.99607
-0.983601
-0.962916
-0.934186
-0.897652
-0.853618
-0.802452
-0.744581
-0.680489
-0.61071
-0.535827
0.24869
0.158894
0.0677614
-0.0239428
-0.115447
-0.205982
-0.294785
-0.381111
-0.464233
-0.543453
-0.618103
-0.687556
-0.751229
-0.808585
-0.859143
-0.902476
-0.938221
-0.966078
-0.985811
-0.997254
-1.00031
-0.99496
-0.981241
-0.959271
-0.929235
-0.891385
-0.84604
-0.793581
-0.734449
-0.669141
-0.598207
-0.522242
-0.441887
-0.357816
-0.270736
-0.18138
-0.0904993
0.00114232
0.0927741
0.183625
0.272932
0.359944
0.443928
0.524179
0.600022
0.670819
0.735975
0.794942
0.847224
0.892381
0.930034
0.959866
0.981626
0.995132
1.00027
0.996994
0.985336
0.965392
0.93733
0.901385
0.857861
0.807123
0.749597
0.685769
0.616173
0.541397
0.462068
0.378853
0.292453
0.203594
0.113023
0.0215019
-0.0701995
-0.16131
-0.251064
-0.338706
-0.423499
-0.50473
-0.581717
-0.65381
-0.720405
-0.780941
-0.83491
-0.881856
-0.921385
-0.953165
-0.976929
-0.992476
-0.999676
-0.998468
-0.988862
-0.970939
-0.944848
-0.910811
-0.869112
-0.820102
-0.764194
-0.701856
-0.633614
-0.56004
-0.481754
0.218143
0.127494
0.0357645
-0.0562693
-0.147828
-0.238136
-0.326429
-0.411959
-0.494001
-0.571863
-0.644883
-0.712444
-0.773973
-0.82895
-0.876909
-0.917445
-0.950213
-0.974936
-0.991405
-0.999481
-0.999095
-0.99025
-0.973022
-0.947556
-0.914067
-0.872839
-0.824222
-0.768626
-0.706523
-0.638439
-0.564949
-0.486676
-0.404283
-0.318468
-0.229956
-0.139497
-0.0478581
0.0441862
0.135856
0.226375
0.314978
0.400913
0.483454
0.561901
0.63559
0.703898
0.766246
0.822106
0.871005
0.912529
0.946327
0.972113
0.989668
0.998843
0.999561
0.991816
0.975674
0.95127
0.918813
0.878576
0.8309
0.776189
0.714906
0.647571
0.574753
0.497068
0.415175
0.329768
0.241568
0.151323
0.0597972
-0.0322345
-0.123993
-0.214701
-0.303591
-0.38991
-0.472928
-0.55194
-0.626279
-0.695314
-0.758462
-0.815187
-0.865009
-0.907507
-0.94232
-0.969153
-0.98778
-0.998042
-0.999852
-0.993196
-0.978129
-0.954778
-0.923342
-0.884086
-0.837343
-0.783509
-0.723038
-0.656443
-0.584287
-0.507182
-0.425779
0.187381
0.0959659
0.00373138
-0.088536
-0.18005
-0.270029
-0.357708
-0.442338
-0.523199
-0.5996
-0.67089
-0.736462
-0.795756
-0.848267
-0.893548
-0.931212
-0.960939
-0.982474
-0.995634
-1.00031
-0.996455
-0.984107
-0.963371
-0.934423
-0.897509
-0.852945
-0.80111
-0.742447
-0.677454
-0.606687
-0.530748
-0.450285
-0.365984
-0.278563
-0.188768
-0.097364
-0.00513019
0.0871471
0.178681
0.268692
0.356412
0.441094
0.522015
0.598486
0.669855
0.735513
0.794901
0.847513
0.8929
0.930675
0.960516
0.982169
0.995449
1.00024
0.996511
0.984284
0.963665
0.934832
0.89803
0.853572
0.801838
0.743268
0.678362
0.607674
0.531806
0.451404
0.367154
0.279774
0.19001
0.0986263
0.00640194
-0.0858767
-0.177423
-0.267456
-0.35521
-0.439934
-0.520908
-0.597441
-0.66888
-0.734617
-0.794091
-0.846794
-0.892279
-0.930156
-0.960103
-0.981864
-0.995255
-1.00016
-0.996538
-0.98442
-0.963908
-0.935178
-0.898475
-0.85411
-0.802463
-0.743974
-0.67914
-0.608515
-0.5327
-0.452342
-0.368125
0.156434
0.0643414
-0.0283049
-0.120709
-0.212078
-0.301628
-0.388589
-0.472216
-0.551791
-0.626631
-0.696093
-0.759581
-0.816551
-0.866512
-0.909037
-0.943761
-0.970385
-0.988681
-0.998492
-0.999733
-0.992394
-0.976538
-0.952301
-0.919892
-0.879587
-0.831733
-0.776741
-0.715083
-0.647288
-0.573937
-0.495661
-0.413131
-0.327055
-0.238172
-0.147246
-0.055056
0.0376063
0.129946
0.221169
0.310495
0.397155
0.480406
0.559535
0.63386
0.702745
0.765599
0.821881
0.871109
0.912861
0.946778
0.972568
0.990012
0.998958
0.99933
0.991125
0.974414
0.949339
0.916117
0.875032
0.826436
0.770748
0.708444
0.64006
0.566183
0.487446
0.404526
0.318134
0.229011
0.137924
0.0456523
-0.0470105
-0.13927
-0.230333
-0.31942
-0.405764
-0.488626
-0.567293
-0.641092
-0.709387
-0.771593
-0.827177
-0.87566
-0.916628
-0.949727
-0.974675
-0.991256
-0.999329
-0.998824
-0.989745
-0.972171
-0.946251
-0.912209
-0.870337
-0.820993
-0.764601
-0.701646
-0.632667
-0.558256
-0.479051
-0.395733
-0.309017
0.125333
0.0326524
-0.0603113
-0.152755
-0.243879
-0.332896
-0.419037
-0.501558
-0.579746
-0.652924
-0.720461
-0.781773
-0.836331
-0.883661
-0.923357
-0.955074
-0.978539
-0.993548
-0.999973
-0.997757
-0.98692
-0.967555
-0.93983
-0.903984
-0.860327
-0.809236
-0.751152
-0.686579
-0.616072
-0.540243
-0.459745
-0.375275
-0.287563
-0.197365
-0.105463
-0.0126495
0.0802732
0.172502
0.26324
0.351703
0.437127
0.518774
0.595938
0.667952
0.734194
0.794092
0.847128
0.892844
0.930845
0.960802
0.982457
0.995622
1.00018
0.996104
0.983416
0.96223
0.93273
0.89517
0.849875
0.797236
0.737708
0.671805
0.600098
0.523205
0.441791
0.35656
0.268248
0.177618
0.0854534
-0.0074495
-0.100288
-0.192259
-0.282569
-0.370437
-0.455104
-0.535838
-0.611942
-0.682757
-0.747672
-0.806127
-0.857615
-0.901692
-0.937977
-0.966156
-0.985986
-0.997296
-0.999987
-0.994037
-0.979496
-0.956491
-0.92522
-0.885953
-0.839029
-0.784855
-0.723897
-0.656683
-0.583793
-0.505857
-0.423549
-0.337579
-0.24869
0.0941083
0.000930972
-0.092255
-0.184639
-0.275417
-0.3638
-0.449018
-0.530331
-0.60703
-0.678449
-0.743966
-0.803011
-0.855071
-0.899693
-0.936488
-0.965136
-0.985388
-0.997069
-1.00008
-0.994382
-0.980038
-0.957169
-0.925973
-0.886722
-0.839757
-0.785487
-0.724384
-0.656979
-0.583859
-0.505659
-0.423061
-0.336783
-0.247575
-0.156214
-0.0634934
0.0297791
0.122793
0.214738
0.304814
0.392239
0.476252
0.556121
0.631152
0.700693
0.764137
0.820934
0.870589
0.912671
0.946812
0.972717
0.99016
0.998988
0.999126
0.990572
0.973401
0.947761
0.913877
0.872042
0.822621
0.766043
0.702802
0.633446
0.55858
0.478854
0.394963
0.307636
0.217632
0.125736
0.0327456
-0.0605294
-0.153278
-0.244692
-0.333978
-0.420358
-0.503082
-0.581428
-0.654716
-0.722308
-0.783616
-0.838107
-0.885306
-0.924803
-0.956255
-0.979387
-0.993999
-0.999963
-0.997227
-0.985815
-0.965827
-0.937436
-0.900889
-0.856504
-0.804667
-0.745829
-0.680502
-0.609254
-0.532705
-0.451521
-0.366407
-0.278104
-0.187381
0.0627905
-0.0307909
-0.124103
-0.216329
-0.30666
-0.394306
-0.478499
-0.558501
-0.633612
-0.703174
-0.766578
-0.823269
-0.872749
-0.914586
-0.948413
-0.973933
-0.990925
-0.999237
-0.998799
-0.989613
-0.97176
-0.945396
-0.910752
-0.868133
-0.81791
-0.760524
-0.696477
-0.62633
-0.550699
-0.470244
-0.385671
-0.29772
-0.207162
-0.114789
-0.0214115
0.0721535
0.165087
0.256574
0.345814
0.432025
0.514452
0.592374
0.665107
0.732015
0.792512
0.846068
0.892214
0.930546
0.960728
0.982496
0.995659
1.0001
0.995785
0.982748
0.961103
0.931041
0.892824
0.846789
0.793336
0.732936
0.666117
0.593463
0.515612
0.433246
0.347085
0.257884
0.166425
0.0735077
-0.0200529
-0.113438
-0.205829
-0.296417
-0.38441
-0.469035
-0.549553
-0.625257
-0.695485
-0.759621
-0.817105
-0.867432
-0.910162
-0.94492
-0.971402
-0.989376
-0.998685
-0.999247
-0.991057
-0.974187
-0.948785
-0.915072
-0.873345
-0.823968
-0.767374
-0.704059
-0.634577
-0.559537
-0.479596
-0.395453
-0.307847
-0.217543
-0.125333
0.0314108
-0.0624814
-0.155823
-0.24779
-0.337574
-0.42438
-0.507446
-0.586037
-0.659461
-0.727071
-0.788271
-0.84252
-0.889341
-0.928321
-0.959116
-0.981454
-0.995139
-1.00005
-0.996144
-0.983455
-0.962095
-0.932252
-0.894189
-0.848242
-0.794817
-0.734384
-0.667475
-0.594682
-0.516645
-0.434053
-0.347635
-0.258151
-0.166391
-0.0731639
0.020708
0.114397
0.207078
0.297933
0.386161
0.470984
0.551654
0.62746
0.697734
0.761856
0.819261
0.869442
0.911958
0.946432
0.972562
0.990117
0.998942
0.998959
0.990168
0.972647
0.94655
0.912108
0.869623
0.819471
0.762094
0.697997
0.627746
0.55196
0.471308
0.3865
0.298284
0.207438
0.114764
0.0210774
-0.0727948
-0.166025
-0.257792
-0.347285
-0.433716
-0.516324
-0.594378
-0.667192
-0.734123
-0.794582
-0.848034
-0.89401
-0.932102
-0.961976
-0.983369
-0.996091
-1.00003
-0.995151
-0.981499
-0.959192
-0.928428
-0.889477
-0.842684
-0.788461
-0.727286
-0.659698
-0.586292
-0.507718
-0.424666
-0.33787
-0.248095
-0.156131
-0.0627905
6.78689e-14
-0.0941083
-0.187381
-0.278991
-0.368125
-0.45399
-0.535827
-0.612907
-0.684547
-0.750111
-0.809017
-0.860742
-0.904827
-0.940881
-0.968583
-0.987688
-0.998027
-0.999507
-0.992115
-0.975917
-0.951057
-0.917755
-0.876307
-0.827081
-0.770513
-0.707107
-0.637424
-0.562083
-0.481754
-0.397148
-0.309017
-0.218143
-0.125333
-0.0314108
0.0627905
0.156434
0.24869
0.338738
0.425779
0.509041
0.587785
0.661312
0.728969
0.790155
0.844328
0.891007
0.929776
0.960294
0.982287
0.995562
1
0.995562
0.982287
0.960294
0.929776
0.891007
0.844328
0.790155
0.728969
0.661312
0.587785
0.509041
0.425779
0.338738
0.24869
0.156434
0.0627905
-0.0314108
-0.125333
-0.218143
-0.309017
-0.397148
-0.481754
-0.562083
-0.637424
-0.707107
-0.770513
-0.827081
-0.876307
-0.917755
-0.951057
-0.975917
-0.992115
-0.999507
-0.998027
-0.987688
-0.968583
-0.940881
-0.904827
-0.860742
-0.809017
-0.750111
-0.684547
-0.612907
-0.535827
-0.45399
-0.368125
-0.278991
-0.187381
-0.0941083
-1.35738e-13
